Energy	Efficiency(GR)	alpha(norm)
500	0.008930833735	75.82364478
505	0.007272628268	75.98444808
510	0.005586206519	76.13680106
515	0.003968622314	76.29273067
520	0.002504204086	76.43441706
525	0.001343910916	76.56778669
530	5.65206048E-4	76.6876076
535	3.616927012E-4	76.86569709
540	0.001351106679	77.07918146
545	0.004305393023	77.22364589
550	0.01010055746	77.37040213
555	0.02220239272	77.51256924
560	0.04157215021	77.66308941
565	0.09700759015	77.83739387
570	0.1748645561	78.0263822
575	0.1198557327	78.33354557
580	0.04986887844	78.1906193
585	0.04370199073	78.26300953
590	0.04020312619	78.33557309
595	0.03897373507	78.42648343
600	0.03843886233	78.51314641
605	0.03833965764	78.60998747
610	0.03851315132	78.70162796
615	0.03886425266	78.79416437
620	0.0393195394	78.88697374
625	0.03982821004	78.97982151
630	0.04039832649	79.07828481
635	0.04100072352	79.17043067
640	0.04148617817	79.26051496
645	0.04225104204	79.35090834
650	0.04299551539	79.43995084
655	0.04369368343	79.52871698
660	0.0443494634	79.61460645
665	0.04494786202	79.70222831
670	0.04562174104	79.78536939
675	0.04641064648	79.87053205
680	0.04718004643	79.95122318
685	0.04821152456	80.0327135
690	0.04900753355	80.11105746
695	0.050009111	80.18965586
700	0.0509456737	80.26647752
705	0.05192309227	80.34215169
710	0.0529347728	80.41670906
715	0.05398510378	80.49019508
720	0.05507277747	80.56263135
725	0.05652162202	80.63862824
730	0.05803450231	80.70759673
735	0.05924435184	80.77697685
740	0.06090157808	80.84394956
745	0.06225648997	80.91139317
750	0.06367783361	80.97790125
755	0.06472184092	81.04496075
760	0.06620653257	81.10966302
765	0.06729287172	81.17497376
770	0.06897356584	81.23793799
775	0.07004989047	81.30156417
780	0.07121585456	81.36438014
785	0.07296556592	81.42487207
790	0.07410754071	81.48610417
795	0.07542496741	81.54656957
800	0.07672844471	81.60628746
805	0.07796952507	81.66527209
810	0.07924324128	81.72353342
815	0.08110409904	81.77981836
820	0.08260640826	81.83634839
825	0.08400492612	81.89252039
830	0.08543874822	81.94802442
835	0.08696794356	82.00287026
840	0.08849935644	82.05707479
845	0.09012211387	82.1106501
850	0.09179530611	82.16360509
855	0.09347292889	82.21595078
860	0.09518807357	82.26770087
865	0.0969560219	82.31886648
870	0.09870676029	82.36945381
875	0.1005081704	82.41947756
880	0.101907848	82.46964824
885	0.1030582341	82.51961152
890	0.1049002562	82.56801049
895	0.1067444453	82.61588574
900	0.1075876556	82.66463175
905	0.1091222976	82.7118739
910	0.1109167298	82.75823629
915	0.1126932543	82.80411064
920	0.1144994777	82.8494985
925	0.1149233373	82.89623788
930	0.1166943696	82.94070212
935	0.1184919196	82.98470481
940	0.120285052	83.02826015
945	0.1220728136	83.07137439
950	0.1238864734	83.11405136
955	0.1244175322	83.15186989
960	0.1259821024	83.19403255
965	0.127844407	83.23545901
970	0.1297200258	83.27648168
975	0.131586228	83.31710312
980	0.1334839455	83.35733051
985	0.1353920411	83.39717277
990	0.1372563937	83.43663288
995	0.1391504727	83.47571951
1000	0.1405788731	83.51492624
1005	0.1416157703	83.55403953
1010	0.1426522525	83.59279886
1015	0.1444431657	83.63045558
1020	0.1461399586	83.66776678
1025	0.1478342279	83.70473905
1030	0.1495362592	83.74137179
1035	0.1512159361	83.77767801
1040	0.1528739365	83.81365758
1045	0.1545525379	83.8493191
1050	0.1562478028	83.88466813
1055	0.1578894214	83.91970451
1060	0.1594119337	83.95443953
1065	0.1609439691	83.9888733
1070	0.1624066276	84.0230133
1075	0.1638512956	84.05686061
1080	0.1652932703	84.09042085
1085	0.1675333222	84.12303215
1090	0.170482791	84.1547606
1095	0.1721808103	84.18722965
1100	0.1735533301	84.21967494
1105	0.1748348399	84.25185633
1110	0.1760899085	84.28377436
1115	0.1773622404	84.30943415
1120	0.1785912001	84.34084022
1125	0.1806273061	84.37133706
1130	0.1839828109	84.40062978
1135	0.1851471735	84.4312826
1140	0.1862305734	84.46169905
1145	0.1872566984	84.491876
1150	0.1882695372	84.52182348
1155	0.1915632977	84.54993167
1160	0.1924772552	84.57940948
1165	0.1941105032	84.6081538
1170	0.1957681887	84.63665872
1175	0.1974184571	84.66492041
1180	0.1990357885	84.69293966
1185	0.200671765	84.72072797
1190	0.2023246792	84.74828645
1195	0.203956926	84.77561288
1200	0.205565937	84.80270929
1205	0.207198024	84.82958726
1210	0.2088437036	84.85624639
1215	0.2104626752	84.88268173
1220	0.2120693378	84.90889895
1225	0.2136999105	84.93490964
1230	0.2153402225	84.96070983
1235	0.2169535369	84.98629456
1240	0.2185628116	85.01167273
1245	0.2201964476	85.03685417
1250	0.221841252	85.06183754
1255	0.2234550583	85.08661691
1260	0.2250617358	85.11119822
1265	0.2266887127	85.13559098
1270	0.2283279655	85.15979543
1275	0.2299583086	85.17780686
1280	0.2315998699	85.20163243
1285	0.2332608882	85.22527875
1290	0.2349349541	85.24874463
1295	0.2365700694	85.27202454
1300	0.2381895112	85.29512583
1305	0.2398227038	85.31805455
1310	0.2414783965	85.34081464
1315	0.2431054702	85.36339812
1320	0.2447103028	85.38580958
1325	0.246316935	85.40805255
1330	0.2479471988	85.43013532
1335	0.2495636887	85.4520503
1340	0.251140535	85.4737952
1345	0.2527267557	85.49538253
1350	0.254335188	85.51681659
1355	0.2559474505	85.53809425
1360	0.2575076786	85.55920677
1365	0.2590688627	85.58016669
1370	0.2606397287	85.60097715
1375	0.2622292189	85.62164239
1380	0.2637865535	85.64215307
1385	0.2653275262	85.66251319
1390	0.2668660432	85.6827263
1395	0.2684231287	85.70280098
1400	0.2699687766	85.72273382
1405	0.2714591557	85.74251605
1410	0.2729489029	85.76216032
1415	0.2744463215	85.78166901
1420	0.2759661698	85.80104625
1425	0.2774587903	85.82028047
1430	0.2789503501	85.83937767
1435	0.2804543306	85.85834257
1440	0.2819838001	85.87118095
1445	0.2835619045	85.88989188
1450	0.285080852	85.90846095
1455	0.2865928278	85.92690564
1460	0.2880937379	85.94522524
1465	0.2896097398	85.96342616
1470	0.2911130372	85.98150072
1475	0.2925867592	85.99944333
1480	0.2940701308	86.0172672
1485	0.2955490047	86.03497303
1490	0.2970299152	86.05256562
1495	0.2984769056	86.07003585
1500	0.2999230098	86.08738798
1505	0.3013940183	86.10462706
1510	0.3029139493	86.1217554
1515	0.3045090463	86.13877568
1520	0.306114673	86.15567907
1525	0.307767769	86.17247335
1530	0.3094672642	86.18915958
1535	0.3111953577	86.20574031
1540	0.3129342121	86.22221787
1545	0.3145839173	86.23857886
1550	0.3162124719	86.25483606
1555	0.3178268087	86.2709913
1560	0.3194475014	86.28704714
1565	0.3210828366	86.30300492
1570	0.3226638485	86.31885173
1575	0.3242595672	86.33459995
1580	0.3258727934	86.35024984
1585	0.3274971703	86.36580315
1590	0.3291216505	86.38126419
1595	0.3306435216	86.39661846
1600	0.3321054572	86.41187705
1605	0.3335293624	86.42704366
1610	0.3349323864	86.44211853
1615	0.3363688855	86.45710449
1620	0.3378277891	86.46599292
1625	0.3394521484	86.48078651
1630	0.341202778	86.49549342
1635	0.3430498713	86.51010939
1640	0.3449858076	86.5246411
1645	0.3469533005	86.53908214
1650	0.3489650239	86.55342729
1655	0.3510869238	86.56769043
1660	0.3525571434	86.58186962
1665	0.3540388882	86.59596783
1670	0.3555255349	86.60998384
1675	0.3569516068	86.62390426
1680	0.3583880667	86.63774525
1685	0.3598349291	86.65150655
1690	0.3612900883	86.66518889
1695	0.3627643422	86.67879476
1700	0.3642003965	86.69231221
1705	0.3656115959	86.70574605
1710	0.3670159421	86.71910521
1715	0.3683719753	86.73238625
1720	0.3696657495	86.74559349
1725	0.3708818947	86.75872662
1730	0.3719734541	86.77177213
1735	0.37304168	86.78474628
1740	0.3741408254	86.79764901
1745	0.3753204068	86.81047951
1750	0.3766312732	86.82324043
1755	0.3780398733	86.83592422
1760	0.3795216781	86.84852992
1765	0.3810851568	86.86106828
1770	0.3826663398	86.87353845
1775	0.3842255306	86.88594229
1780	0.3857387816	86.8982794
1785	0.3871359682	86.91053678
1790	0.3885536064	86.91672533
1795	0.3899840686	86.92884975
1800	0.391423041	86.94090897
1805	0.3928806898	86.95290461
1810	0.394347915	86.96483729
1815	0.3957295258	86.97669008
1820	0.3971053519	86.9884813
1825	0.398480352	87.00021147
1830	0.3998510687	87.01187837
1835	0.40123569	87.02348607
1840	0.4026191072	87.03503029
1845	0.4039356981	87.04650175
1850	0.4052421386	87.05791361
1855	0.4065176641	87.06926737
1860	0.407729525	87.08056176
1865	0.408881139	87.09179884
1870	0.4099568323	87.10297447
1875	0.4109472608	87.11408309
1880	0.411944784	87.12513512
1885	0.4130008241	87.13613193
1890	0.4141353115	87.14706855
1895	0.415381908	87.15794994
1900	0.4167217118	87.16877358
1905	0.4180918544	87.17953435
1910	0.4195131421	87.19024089
1915	0.4209564293	87.20089439
1920	0.422377644	87.21149415
1925	0.4237640401	87.22204108
1930	0.4251105827	87.23253566
1935	0.4263555041	87.24296479
1940	0.4275758255	87.25334113
1945	0.428797004	87.26366723
1950	0.430023009	87.27394222
1955	0.4312602831	87.28416654
1960	0.4325070216	87.29434028
1965	0.4337152942	87.30445568
1970	0.4348937382	87.31451659
1975	0.4361520587	87.31852944
1980	0.4374286652	87.32849417
1985	0.4386974026	87.3384092
1990	0.4399738763	87.34827778
1995	0.4412224442	87.35809236
2000	0.4424275801	87.36785217
2005	0.4436358032	87.37756574
2010	0.444845648	87.3872338
2015	0.4460456822	87.39685519
2020	0.4472328469	87.40643039
2025	0.4484016476	87.41595939
2030	0.4495312984	87.42543334
2035	0.4506362948	87.43485952
2040	0.4517403514	87.44424195
2045	0.4528509183	87.45358065
2050	0.4539757655	87.46287651
2055	0.455126035	87.4721293
2060	0.4562744938	87.48133477
2065	0.4574099496	87.49048883
2070	0.4585651603	87.49959993
2075	0.4597404254	87.50867024
2080	0.4609268893	87.51769842
2085	0.4621034046	87.52668367
2090	0.4632796689	87.535628
2095	0.4643995455	87.54452266
2100	0.4654948626	87.55337534
2105	0.4665840124	87.56218803
2110	0.4676696955	87.57096145
2115	0.468748487	87.57969337
2120	0.469823523	87.58838372
2125	0.4709004544	87.59703492
2130	0.4719339415	87.60563689
2135	0.4729641822	87.61420081
2140	0.4740000311	87.6227264
2145	0.4750416217	87.63121463
2150	0.4760801367	87.6396642
2155	0.4771961429	87.64207553
2160	0.4783388296	87.65044751
2165	0.4794526506	87.65877536
2170	0.480558873	87.66706617
2175	0.4816708504	87.67532109
2180	0.4827933724	87.68353993
2185	0.4839108417	87.69172129
2190	0.4850245093	87.6998647
2195	0.4861318671	87.70797069
2200	0.4872003342	87.71603444
2205	0.4882660145	87.72406294
2210	0.4893360193	87.73205649
2215	0.4904085309	87.74001677
2220	0.491476345	87.74794193
2225	0.4925348504	87.75583168
2230	0.4935779793	87.76368534
2235	0.4945870022	87.77149898
2240	0.4955790391	87.7792773
2245	0.496566732	87.78702265
2250	0.4975607812	87.79473581
2255	0.4985615784	87.8024162
2260	0.4995636891	87.81006199
2265	0.5005728916	87.81767422
2270	0.5015705621	87.82524859
2275	0.5025689779	87.83278897
2280	0.5035756522	87.84029769
2285	0.5045942274	87.84777554
2290	0.5056210005	87.85522244
2295	0.5066418342	87.86263791
2300	0.5076540135	87.87002291
2305	0.5086311937	87.87737174
2310	0.5095793335	87.88468648
2315	0.5105118711	87.89196898
2320	0.5114369117	87.8992212
2325	0.5123612256	87.90644448
2330	0.5132828082	87.91363799
2335	0.514216634	87.91479941
2340	0.5152565308	87.92192932
2345	0.5162678658	87.92902512
2350	0.5172664353	87.93609068
2355	0.5182584414	87.94312723
2360	0.5192484859	87.95013566
2365	0.5202352776	87.95711647
2370	0.5212146572	87.96406909
2375	0.5221889888	87.97099296
2380	0.5231348083	87.97788385
2385	0.5240618066	87.984744
2390	0.5249795626	87.99157577
2395	0.5258946792	87.99838036
2400	0.5268112233	88.0051585
2405	0.5277272182	88.01191038
2410	0.5286413997	88.01863449
2415	0.5295488161	88.02533022
2420	0.5304361804	88.03199497
2425	0.5313131802	88.03863087
2430	0.5321797863	88.04523854
2435	0.5330357926	88.05181978
2440	0.5338710485	88.05837585
2445	0.5346613293	88.06490675
2450	0.5353688844	88.07141085
2455	0.535969301	88.0778889
2460	0.5364067617	88.0843352
2465	0.5367055238	88.09075647
2470	0.5368629634	88.09715318
2475	0.5368931948	88.10352609
2480	0.5368329003	88.10987502
2485	0.5367276035	88.11619894
2490	0.5366369426	88.1224968
2495	0.53662741	88.12876709
2500	0.5368939195	88.12900927
2505	0.5374629267	88.13522597
2510	0.5382654061	88.14141841
2515	0.5393096307	88.1475871
2520	0.5405807902	88.15373297
2525	0.5420371208	88.15985576
2530	0.5436122376	88.16595478
2535	0.5452251796	88.17202855
2540	0.5468020276	88.1780756
2545	0.5482981089	88.1840989
2550	0.5496806877	88.19009858
2555	0.55093766	88.19607559
2560	0.5520799292	88.20203072
2565	0.5531259272	88.20796424
2570	0.554096266	88.21387492
2575	0.5550125677	88.21976128
2580	0.5558946033	88.22562256
2585	0.5567713173	88.23145984
2590	0.5576659045	88.23727569
2595	0.5585763667	88.24307074
2600	0.559499747	88.24884518
2605	0.5604267256	88.2545986
2610	0.5613388769	88.2603311
2615	0.5622121145	88.26603856
2620	0.5630357253	88.27172214
2625	0.5638078943	88.2773821
2630	0.5645601769	88.28302137
2635	0.5652897978	88.28864047
2640	0.5660109749	88.29423969
2645	0.566732091	88.29981908
2650	0.5674591786	88.3053788
2655	0.5681853515	88.31091798
2660	0.568901852	88.31643406
2665	0.5696063454	88.32192645
2670	0.5703005554	88.32739804
2675	0.5709843717	88.33285002
2680	0.5716402307	88.33828166
2685	0.5724030395	88.33769376
2690	0.5731830874	88.34308708
2695	0.5739441969	88.34846128
2700	0.5746858213	88.35381554
2705	0.5753982731	88.35914705
2710	0.5760927428	88.36445605
2715	0.5767989178	88.36974645
2720	0.5775138728	88.37501908
2725	0.5782315771	88.3802734
2730	0.5789444531	88.38550935
2735	0.5796145182	88.39072773
2740	0.5801877597	88.39592694
2745	0.5805914811	88.40110492
2750	0.5807435423	88.40626076
2755	0.5805684839	88.41139594
2760	0.5800210702	88.41651374
2765	0.5790577346	88.42161555
2770	0.5776713793	88.4267006
2775	0.5758920957	88.43176844
2780	0.5737901852	88.43681911
2785	0.5714773263	88.44185294
2790	0.569088821	88.44686538
2795	0.5668060149	88.45185543
2800	0.5648558894	88.4568277
2805	0.5637449637	88.4557834
2810	0.5633857275	88.46072249
2815	0.5637358203	88.46564493
2820	0.5648132123	88.47055059
2825	0.5665758488	88.4754404
2830	0.5689332618	88.48031415
2835	0.5717459866	88.48517072
2840	0.5748277599	88.49000714
2845	0.5780069304	88.49482615
2850	0.5811195047	88.49962887
2855	0.5840159803	88.50441487
2860	0.5865985351	88.50918398
2865	0.5888363919	88.51393696
2870	0.5907280065	88.51867491
2875	0.5923136541	88.52339679
2880	0.5936442915	88.52810133
2885	0.5947735946	88.53278686
2890	0.595770454	88.53745355
2895	0.596703772	88.54210509
2900	0.5976118484	88.54674171
2905	0.5985162839	88.5513635
2910	0.5994267317	88.55596983
2915	0.6003335995	88.56056185
2920	0.6012226948	88.56513898
2925	0.6020756414	88.56970052
2930	0.6028578651	88.57424274
2935	0.6035736216	88.57876768
2940	0.6042389868	88.58327732
2945	0.6048720605	88.58777267
2950	0.6054868068	88.59225344
2955	0.6061007953	88.5967203
2960	0.606730566	88.60117302
2965	0.6073854415	88.6056114
2970	0.6080620445	88.61003581
2975	0.6087363108	88.61444437
2980	0.609394243	88.61883702
2985	0.6100176884	88.62321306
2990	0.6105991696	88.62757586
2995	0.6112770097	88.62592418
3000	0.6120258615	88.63025768
3005	0.6127076752	88.6345771
3010	0.6133301407	88.63888279
3015	0.6139004025	88.64317508
3020	0.614432074	88.64745458
3025	0.614929905	88.65171652
3030	0.6154257457	88.65596328
3035	0.6159404787	88.66019537
3040	0.6164929959	88.66441493
3045	0.6170857069	88.6686203
3050	0.6177118742	88.67281143
3055	0.6183552185	88.67698888
3060	0.6189967357	88.68115368
3065	0.6196094231	88.68530583
3070	0.6201653148	88.68944512
3075	0.6206216385	88.69356839
3080	0.6209798249	88.69767719
3085	0.6212532166	88.70177274
3090	0.6214614731	88.70585596
3095	0.6216311565	88.70992675
3100	0.621792937	88.71398478
3105	0.6219823225	88.7180306
3110	0.6222197006	88.7220644
3115	0.6225035313	88.72608652
3120	0.6227976195	88.73009399
3125	0.6230371643	88.73408735
3130	0.6231056328	88.7380642
3135	0.6229087812	88.74202896
3140	0.6223019307	88.74598179
3145	0.6211368647	88.74992272
3150	0.619280619	88.75385191
3155	0.6169078354	88.75176944
3160	0.6139686136	88.75567494
3165	0.6103539657	88.75956926
3170	0.6061462279	88.76345249
3175	0.6014675149	88.76731971
3180	0.5965532433	88.77117464
3185	0.591676595	88.77501723
3190	0.5871597629	88.77884864
3195	0.5833210821	88.7826688
3200	0.5804422027	88.78647743
3205	0.5787385836	88.79027451
3210	0.5787065054	88.78806021
3215	0.5798750134	88.7918355
3220	0.5821682436	88.7955994
3225	0.5854660832	88.79935157
3230	0.589588708	88.80308875
3235	0.5943367276	88.80681381
3240	0.5994698945	88.81052864
3245	0.6047286574	88.81423247
3250	0.6098625937	88.81792533
3255	0.6146532303	88.82160505
3260	0.6189468004	88.82527387
3265	0.6226504614	88.82893268
3270	0.6257368512	88.83258107
3275	0.6282300251	88.83621908
3280	0.6301616359	88.83984119
3285	0.6316467242	88.84345201
3290	0.6327912578	88.84705221
3295	0.6337016628	88.8506423
3300	0.6344747366	88.85422232
3305	0.6351892249	88.85779151
3310	0.6359116673	88.86135048
3315	0.6366848426	88.86489934
3320	0.6375306519	88.86843832
3325	0.6384497389	88.87196747
3330	0.6394076416	88.87548363
3335	0.6403831357	88.87898832
3340	0.6413358391	88.8824816
3345	0.6422380857	88.88596514
3350	0.643054226	88.88943945
3355	0.6437579716	88.89290366
3360	0.6443328929	88.89635769
3365	0.6447747481	88.89980185
3370	0.6450947734	88.90323636
3375	0.6453148226	88.90666197
3380	0.6455263422	88.90407752
3385	0.6460630374	88.90747908
3390	0.6465152449	88.91086988
3395	0.6469001398	88.91424866
3400	0.647260857	88.91761848
3405	0.6476302201	88.92097934
3410	0.6480416264	88.92433113
3415	0.6485170535	88.92767384
3420	0.6490691388	88.93100811
3425	0.649696652	88.93433342
3430	0.6503856347	88.93764981
3435	0.6511022557	88.9409563
3440	0.6517994759	88.94425132
3445	0.6524479618	88.94753532
3450	0.6530077564	88.95080763
3455	0.6534630904	88.95407111
3460	0.6537981845	88.9573258
3465	0.6540134659	88.96057215
3470	0.6541247504	88.96380998
3475	0.6541613941	88.96704026
3480	0.6541645332	88.97026215
3485	0.6541807138	88.97347496
3490	0.6542481239	88.97667896
3495	0.654376994	88.97987042
3500	0.6546040535	88.98305278
3505	0.6549118722	88.98622316
3510	0.6553018833	88.98938517
3515	0.6557393045	88.99253883
3520	0.6561793936	88.99568434
3525	0.6565736702	88.99882194
3530	0.6568778973	89.0019514
3535	0.6575576679	88.99907281
3540	0.6582467426	89.00218627
3545	0.6588798164	89.00529189
3550	0.6594043016	89.00838696
3555	0.6597885826	89.01147124
3560	0.660024621	89.01454603
3565	0.6601130668	89.01761137
3570	0.6600805869	89.02066854
3575	0.6599573868	89.02371759
3580	0.6597811564	89.02675936
3585	0.6595953526	89.0297938
3590	0.6594434096	89.0328204
3595	0.6593590374	89.03583918
3600	0.6593620303	89.0388505
3605	0.6594601504	89.04185436
3610	0.6596291332	89.04484644
3615	0.6598447626	89.04782664
3620	0.6600850096	89.05079866
3625	0.66030155	89.05376242
3630	0.6604422566	89.05671861
3635	0.6604468906	89.05966727
3640	0.6602525333	89.06260892
3645	0.6606023333	89.05954401
3650	0.6606374849	89.06247156
3655	0.6602024851	89.0653914
3660	0.6591839898	89.06830366
3665	0.6574911248	89.0712077
3670	0.6550763801	89.07410401
3675	0.65189619	89.07698941
3680	0.6479884781	89.07986756
3685	0.6433975336	89.08273847
3690	0.6382004153	89.0856022
3695	0.632506685	89.08845837
3700	0.626467235	89.09130734
3705	0.6205118648	89.08814664
3710	0.6149701881	89.090978
3715	0.6099101904	89.09380231
3720	0.6056010522	89.09661959
3725	0.6022572631	89.0994286
3730	0.6000351335	89.10222907
3735	0.5990271504	89.10502257
3740	0.5992357909	89.10780906
3745	0.6006104849	89.11058866
3750	0.6030506263	89.11336134
3755	0.6064286051	89.1161272
3760	0.6105973549	89.11888568
3765	0.6154027122	89.12163733
3770	0.6206740375	89.12438172
3775	0.6262301295	89.12711917
3780	0.6318755126	89.12984922
3785	0.6374131311	89.13257184
3790	0.6426499697	89.13528662
3795	0.6474007624	89.13799115
3800	0.6515393702	89.1406891
3805	0.6549600818	89.14338027
3810	0.6576090442	89.1460649
3815	0.6594847662	89.14874308
3820	0.6606411203	89.1514148
3825	0.6616762742	89.14808054
3830	0.6630396791	89.15074038
3835	0.6639828093	89.15339382
3840	0.664563917	89.15604086
3845	0.6648657635	89.15868156
3850	0.6649605171	89.16131189
3855	0.6649874924	89.1639354
3860	0.6650537657	89.16655089
3865	0.6652567735	89.16915882
3870	0.6656687162	89.17176052
3875	0.6663155173	89.17435602
3880	0.6671776765	89.17694534
3885	0.6681921606	89.17952913
3890	0.6692580967	89.18210685
3895	0.6702539296	89.18467869
3900	0.6710566708	89.18724462
3905	0.6715605327	89.189804
3910	0.6716912188	89.19235502
3915	0.6714492923	89.19490003
3920	0.6717238421	89.19143643
3925	0.6723110666	89.19396617
3930	0.672572679	89.19648992
3935	0.672521186	89.19900769
3940	0.6722194201	89.20151956
3945	0.6717684647	89.20402509
3950	0.6712981408	89.20652477
3955	0.6709353981	89.20901808
3960	0.6707898723	89.21150515
3965	0.670931711	89.21398628
3970	0.6713680175	89.21646025
3975	0.6720636852	89.21892848
3980	0.6729053932	89.22138867
3985	0.6737615443	89.22384188
3990	0.6744856182	89.22628935
3995	0.6749332463	89.22873081
4000	0.6750039775	89.23116664
4005	0.6746549103	89.23359676
4010	0.6742270758	89.23002125
4015	0.6748830069	89.23243992
4020	0.6751638453	89.23485182
4025	0.6750617578	89.2372582
4030	0.6746296559	89.23951856
4035	0.6740466409	89.24140512
4040	0.6734056849	89.24328407
4045	0.6727409034	89.24515432
4050	0.6721234994	89.24701716
4055	0.6715989915	89.24887277
4060	0.6722234254	89.25672111
4065	0.6730177601	89.25856206
4070	0.6737952383	89.26039556
4075	0.6744991329	89.26222167
4080	0.6750749597	89.26403991
4085	0.6754799148	89.26585008
4090	0.6756908464	89.26765288
4095	0.6756918687	89.26944783
4100	0.6754905408	89.27123531
4105	0.6751038356	89.27301485
4110	0.6745500404	89.27478448
4115	0.673898579	89.27654677
4120	0.6732008189	89.27830129
4125	0.6725684873	89.27404814
4130	0.6719780883	89.27578766
4135	0.6713963262	89.28351984
4140	0.6710459811	89.28524471
4145	0.6708667817	89.28696241
4150	0.6708623388	89.2886733
4155	0.6710186006	89.29037688
4160	0.6713048283	89.2920729
4165	0.6716810626	89.2937614
4170	0.6721010412	89.2954426
4175	0.6724910863	89.29711374
4180	0.6728172087	89.29877706
4185	0.6730366629	89.30043287
4190	0.6731055143	89.30207961
4195	0.673005018	89.30371908
4200	0.6727217794	89.30535124
4205	0.6722556707	89.30697609
4210	0.6716195092	89.30859366
4215	0.6708425479	89.31020542
4220	0.669957148	89.3118108
4225	0.6690010195	89.31340889
4230	0.6680133156	89.3149992
4235	0.6670450157	89.31658211
4240	0.6664557906	89.32415759
4245	0.6669720826	89.32572271
4250	0.6675309789	89.32728054
4255	0.6680774033	89.32883068
4260	0.6685536323	89.33037221
4265	0.6689181436	89.33190644
4270	0.6691290799	89.33343336
4275	0.6691545581	89.33495295
4280	0.6689746248	89.33646524
4285	0.6685828039	89.33797057
4290	0.6679851861	89.33946887
4295	0.6671994577	89.34095986
4300	0.6662441421	89.34244285
4305	0.6651615468	89.34391818
4310	0.6639996723	89.34538619
4315	0.6627887992	89.34684549
4320	0.6615890742	89.34829709
4325	0.6604506246	89.34974134
4330	0.6594105145	89.35117778
4335	0.6585049503	89.3526068
4340	0.6579629282	89.36002845
4345	0.6581632865	89.36144257
4350	0.6582456784	89.3628493
4355	0.6581791797	89.36424865
4360	0.6579255253	89.36563956
4365	0.6574652375	89.36702307
4370	0.6567726921	89.36839911
4375	0.6558065881	89.36976584
4380	0.6553174562	89.36512515
4385	0.6546890928	89.36647704
4390	0.6537684695	89.36782134
4395	0.6525074721	89.3691582
4400	0.6508632831	89.37048761
4405	0.6488054536	89.37180962
4410	0.6463176152	89.37312415
4415	0.6433972825	89.37443118
4420	0.6400540866	89.37573023
4425	0.6363205588	89.37702177
4430	0.6322448879	89.37830577
4435	0.6278897833	89.37958139
4440	0.6233510228	89.3808494
4445	0.6187391659	89.38210985
4450	0.6141594469	89.38336114
4455	0.6099290287	89.39060464
4460	0.6069504074	89.39184053
4465	0.6044279694	89.3930692
4470	0.6024379891	89.39429033
4475	0.6010280057	89.39550381
4480	0.6002136066	89.39670959
4485	0.5999794792	89.39790767
4490	0.600284221	89.39909805
4495	0.6010616523	89.40027957
4500	0.6022684483	89.4074524
4505	0.6055760215	89.40861747
4510	0.6090583121	89.40977425
4515	0.6125698526	89.41092239
4520	0.6159935562	89.41206272
4525	0.6192160444	89.41319529
4530	0.6221397881	89.41432023
4535	0.6247066155	89.4154373
4540	0.6268721362	89.41654648
4545	0.6286168933	89.41764887
4550	0.6299347585	89.41874332
4555	0.6308388867	89.4198298
4560	0.631353519	89.42090794
4565	0.6315150036	89.42197796
4570	0.6313655265	89.42303995
4575	0.630942963	89.42409273
4580	0.6302937795	89.42513639
4585	0.6294706189	89.42617195
4590	0.6285108578	89.42719896
4595	0.6274413859	89.42821648
4600	0.626313162	89.42922585
4605	0.6251525835	89.43022702
4610	0.6242906763	89.43722152
4615	0.6244572775	89.43820784
4620	0.6245702525	89.43918586
4625	0.624607003	89.44015567
4630	0.624545049	89.4411172
4635	0.6243649802	89.44207032
4640	0.6240493262	89.44301457
4645	0.6235843215	89.44394923
4650	0.6229740501	89.44487541
4655	0.6222199327	89.44579308
4660	0.621308765	89.44670086
4665	0.6202661473	89.44759994
4670	0.6191045153	89.44849042
4675	0.6178283014	89.44937204
4680	0.6164494411	89.45024479
4685	0.6149850456	89.45110883
4690	0.6134449453	89.45196414
4695	0.6118384766	89.45281084
4700	0.610173112	89.45364871
4705	0.6084562282	89.4544777
4710	0.6073961919	89.46129785
4715	0.6067711958	89.46210906
4720	0.6060834467	89.46291128
4725	0.6053311283	89.46370447
4730	0.6045088516	89.46448866
4735	0.6036128231	89.46526371
4740	0.6026332236	89.46602957
4745	0.6015421525	89.46678552
4750	0.6003330567	89.46753191
4755	0.5989969537	89.46826899
4760	0.5975178099	89.46899634
4765	0.5958776753	89.46971267
4770	0.5940834328	89.47041956
4775	0.5921379721	89.47111699
4780	0.5900515526	89.47180487
4785	0.5878414964	89.47248317
4790	0.585530734	89.47315183
4795	0.5831459214	89.47381087
4800	0.5807539288	89.48046121
4805	0.5795112966	89.48110173
4810	0.5782868026	89.48173235
4815	0.5770602679	89.48235286
4820	0.5758140707	89.48296319
4825	0.5745392247	89.48356344
4830	0.5732137235	89.48415356
4835	0.5718094484	89.484733
4840	0.5703127762	89.48530208
4845	0.56975199	89.49186085
4850	0.569054801	89.4924092
4855	0.5681703667	89.4929469
4860	0.5671068853	89.4934741
4865	0.5658744595	89.4939907
4870	0.5644842348	89.4944965
4875	0.5629525012	89.49499143
4880	0.5612978469	89.49547555
4885	0.5595334336	89.49594881
4890	0.5576534589	89.49641051
4895	0.5556751623	89.49686105
4900	0.5536029166	89.4973005
4905	0.5514319469	89.49772879
4910	0.5491462152	89.49814562
4915	0.5468915707	89.50455113
4920	0.5454998578	89.50494524
4925	0.5439728032	89.50532789
4930	0.5423073931	89.50569904
4935	0.5404982374	89.50605852
4940	0.5385400392	89.50640623
4945	0.5364260997	89.50674201
4950	0.53415154	89.50706578
4955	0.5317131886	89.50737751
4960	0.5291068	89.50767709
4965	0.5276971824	89.51396419
4970	0.5263348746	89.51423885
4975	0.5247924888	89.51450109
4980	0.5230693675	89.5147508
4985	0.5211532559	89.51498782
4990	0.5190563083	89.51521209
4995	0.5167826652	89.51542351
5000	0.5143303205	89.51562196
5005	0.5116922812	89.51580739
5010	0.5088526167	89.51597961
5015	0.5057867132	89.5161385
5020	0.5036456386	89.52228393
5025	0.5017507026	89.52241576
5030	0.4996767233	89.52253389
5035	0.4974226733	89.52263819
5040	0.4949780966	89.52272852
5045	0.4923121712	89.52280464
5050	0.4894131859	89.52286657
5055	0.4870353403	89.52891418
5060	0.4854415211	89.52894731
5065	0.483540101	89.52896583
5070	0.4813330409	89.5289696
5075	0.4788021961	89.5289585
5080	0.4759291842	89.52893236
5085	0.4726956443	89.528891
5090	0.469081698	89.52883429
5095	0.4667900636	89.53476204
5100	0.4652461733	89.53467411
5105	0.463330008	89.53457033
5110	0.4610218059	89.53445051
5115	0.4582937331	89.53431449
5120	0.45509801	89.53416209
5125	0.4513434108	89.53399341
5130	0.4472820907	89.53980806
5135	0.4454499516	89.53960582
5140	0.4433045831	89.53938651
5145	0.4408302199	89.53915005
5150	0.4379622063	89.53889616
5155	0.4345228499	89.53862463
5160	0.4302228236	89.53833523
5165	0.4272227982	89.54402768
5170	0.4251312633	89.54370179
5175	0.4226871425	89.54335738
5180	0.4197446224	89.54299422
5185	0.4160189716	89.54261207
5190	0.4122937176	89.54821071
5195	0.4110943799	89.54778989
5200	0.4092844251	89.54734937
5205	0.4066451593	89.54688887
5210	0.4028766198	89.54640809
5215	0.398520195	89.55190684
5220	0.3981693752	89.55138484
5225	0.3969003276	89.55084185
5230	0.3942654165	89.55027789
5235	0.3898501932	89.54969238
5240	0.3850868313	89.55508502
5245	0.3849730905	89.55445552
5250	0.3835697899	89.55380444
5255	0.3802499633	89.55313085
5260	0.374403762	89.55243426
5265	0.3718639346	89.55771435
5270	0.3712663694	89.5569708
5275	0.3688331049	89.55620325
5280	0.3637083729	89.55541136
5285	0.359030325	89.56059479
5290	0.3588351681	89.55975337
5295	0.3566784125	89.5592246
5300	0.3534765747	89.5592246
5305	0.3497361918	89.5592246
5310	0.3453645735	89.5592246
5315	0.3402336094	89.5592246
5320	0.3368275298	89.5652246
5325	0.3354318382	89.5652246
5330	0.3337034389	89.5652246
5335	0.3315881434	89.5652246
5340	0.3290116594	89.5652246
5345	0.3258770125	89.5652246
5350	0.3220994661	89.5652246
5355	0.3175964551	89.5652246
5360	0.3122906394	89.5652246
5365	0.3068157349	89.5712246
5370	0.3060710426	89.5712246
5375	0.30492648	89.5712246
5380	0.3032590393	89.5712246
5385	0.3009761373	89.5712246
5390	0.2980325403	89.5712246
5395	0.2943712449	89.5712246
5400	0.2899538168	89.5712246
5405	0.2847441925	89.5712246
5410	0.2787222302	89.5712246
5415	0.2743383625	89.5772246
5420	0.2735819299	89.5772246
5425	0.2723294821	89.5772246
5430	0.2705465101	89.5772246
5435	0.268194204	89.5772246
5440	0.2652673292	89.5772246
5445	0.261759225	89.5772246
5450	0.2576469886	89.5772246
5455	0.252881692	89.5772246
5460	0.2473762937	89.5772246
5465	0.2410062922	89.5772246
5470	0.2397415689	89.5832246
5475	0.2386761649	89.5832246
5480	0.2371779014	89.5832246
5485	0.2352472146	89.5832246
5490	0.2328707416	89.5832246
5495	0.230009648	89.5832246
5500	0.2266013501	89.5832246
5505	0.2225687905	89.5832246
5510	0.217806623	89.5832246
5515	0.2121934274	89.5832246
5520	0.2056794509	89.5892246
5525	0.205397389	89.5892246
5530	0.2047301183	89.5892246
5535	0.2036210977	89.5892246
5540	0.2020146105	89.5892246
5545	0.1998604077	89.5892246
5550	0.1971123439	89.5892246
5555	0.1937286573	89.5892246
5560	0.1896648252	89.5892246
5565	0.1848621666	89.5892246
5570	0.1791781589	89.5892246
5575	0.1735097938	89.5952246
5580	0.17335058	89.5952246
5585	0.1727358918	89.5952246
5590	0.1716868057	89.5952246
5595	0.1702230222	89.5952246
5600	0.1683402085	89.5952246
5605	0.1660004879	89.5952246
5610	0.1631235612	89.5952246
5615	0.1595915843	89.5952246
5620	0.1552676422	89.5952246
5625	0.1500335292	89.5952246
5630	0.1446198298	89.6012246
5635	0.1445388472	89.6012246
5640	0.1442980843	89.6012246
5645	0.1438773319	89.6012246
5650	0.1432238354	89.6012246
5655	0.1422445545	89.6012246
5660	0.1408230796	89.6012246
5665	0.1388187702	89.6012246
5670	0.1360889597	89.6012246
5675	0.1325667983	89.6012246
5680	0.1282253517	89.6012246
5685	0.123114734	89.6012246
5690	0.1208263595	89.6072246
5695	0.121105967	89.6072246
5700	0.1211022123	89.6072246
5705	0.1207542861	89.6072246
5710	0.1200078191	89.6072246
5715	0.11881537	89.6072246
5720	0.1171350149	89.6072246
5725	0.1149289177	89.6072246
5730	0.1121640911	89.6072246
5735	0.1088148327	89.6072246
5740	0.1048222542	89.6072246
5745	0.1000114243	89.6072246
5750	0.1000864385	89.6132246
5755	0.09998508327	89.6132246
5760	0.09959529305	89.6132246
5765	0.09888621994	89.6132246
5770	0.09781528098	89.6132246
5775	0.09634732364	89.6132246
5780	0.09444670541	89.6132246
5785	0.0920762925	89.6132246
5790	0.08919952931	89.6132246
5795	0.08579306806	89.6132246
5800	0.08185221708	89.6132246
5805	0.08137854	89.6192246
5810	0.08117988542	89.6192246
5815	0.08082852047	89.6192246
5820	0.08030480844	89.6192246
5825	0.07955417596	89.6192246
5830	0.07852395432	89.6192246
5835	0.07715659943	89.6192246
5840	0.07538503691	89.6192246
5845	0.07300380812	89.6192246
5850	0.06954213436	89.6192246
5855	0.0668894355	89.6252246
5860	0.06696120101	89.6252246
5865	0.06679597062	89.6252246
5870	0.06633192115	89.6252246
5875	0.0654901433	89.6252246
5880	0.06419324242	89.6252246
5885	0.06234280373	89.6252246
5890	0.0598326009	89.6252246
5895	0.05657066093	89.6252246
5900	0.05530831262	89.6312246
5905	0.05518280566	89.6312246
5910	0.05486405644	89.6312246
5915	0.05430707861	89.6312246
5920	0.05345520836	89.6312246
5925	0.05194603698	89.6312246
5930	0.04619340571	89.6372246
5935	0.04422417379	89.6372246
5940	0.03906904342	89.6432246
5945	0.03706376836	89.6432246
5950	0.03256156427	89.6492246
5955	0.02953784386	89.6492246
5960	0.02608921364	89.6552246
5965	0.02153775776	89.6612246
5970	0.01847490254	89.6612246
5975	0.01597873674	89.6672246
5980	0.01262006177	89.6732246
5985	0.008862350412	89.6732246
5990	0.007195939891	89.6672246
5995	0.006282779362	89.6672246
6000	0.00569533056	89.6672246