   50.00000      1.1116482E-03
   50.95487      1.0898316E-03
   51.92797      1.0715192E-03
   52.91966      1.0542038E-03
   53.93029      1.0363869E-03
   54.96022      1.0164265E-03
   56.00982      1.0001917E-03
   57.07946      9.8631112E-04
   58.16953      9.7470515E-04
   59.28041      9.6751010E-04
   60.41252      9.5931522E-04
   61.56624      9.5040828E-04
   62.74199      9.4534084E-04
   63.94020      9.4102439E-04
   65.16129      9.3154702E-04
   66.40570      9.1898191E-04
   67.67388      9.0224150E-04
   68.96628      8.8210695E-04
   70.28335      8.5770222E-04
   71.62558      8.3152036E-04
   72.99345      8.0573530E-04
   74.38743      7.7877095E-04
   75.80804      7.5222750E-04
   77.25577      7.2723662E-04
   78.73116      7.0313166E-04
   80.23471      6.7726092E-04
   81.76699      6.4904470E-04
   83.32852      6.1309949E-04
   84.91988      5.8863591E-04
   86.54163      5.7161273E-04
   88.19435      5.5078021E-04
   89.87863      5.2735931E-04
   91.59509      5.0210487E-04
   93.34431      4.7605252E-04
   95.12695      4.4765382E-04
   96.94362      4.1734453E-04
   98.79499      3.8712463E-04
   100.6817      3.5729224E-04
   102.6045      3.2826446E-04
   104.5640      2.9939343E-04
   106.5609      2.7071722E-04
   108.5959      2.4208134E-04
   110.6698      2.1399424E-04
   112.7833      1.8721670E-04
   114.9372      1.6182019E-04
   117.1322      1.3787618E-04
   119.3691      1.1554268E-04
   121.6487      9.5122305E-05
   123.9719      7.6793433E-05
   126.3394      6.0779086E-05
   128.7522      4.7461188E-05
   131.2110      3.6530448E-05
   133.7168      2.7969583E-05
   136.2704      2.2617613E-05
   138.8729      2.1302663E-05
   141.5250      2.4317578E-05
   144.2277      3.2083175E-05
   146.9821      4.5357916E-05
   149.7891      6.4299042E-05
   152.6497      8.8892870E-05
   155.5649      1.1926276E-04
   158.5358      1.5528282E-04
   161.5634      1.9469507E-04
   164.6488      2.3636638E-04
   167.7932      2.7888757E-04
   170.9976      3.1877658E-04
   174.2632      3.5092485E-04
   177.5912      3.7761862E-04
   180.9827      3.9919562E-04
   184.4390      4.1638207E-04
   187.9613      4.3044868E-04
   191.5509      4.4305241E-04
   195.2090      4.5613950E-04
   198.9370      4.7127149E-04
   202.7362      4.9004325E-04
   206.6079      5.1199819E-04
   210.5536      5.3848198E-04
   214.5746      5.7486852E-04
   218.6724      6.1530527E-04
   222.8485      6.5672706E-04
   227.1043      7.0162403E-04
   231.4414      7.5199344E-04
   235.8613      8.0876576E-04
   240.3657      8.6805207E-04
   244.9560      9.3056844E-04
   249.6341      9.9923613E-04
   254.4014      1.0739079E-03
   259.2598      1.1509955E-03
   264.2110      1.2317051E-03
   269.2568      1.3184637E-03
   274.3989      1.4140259E-03
   279.6392      1.5139463E-03
   284.9796      1.6115870E-03
   290.4219      1.7100604E-03
   295.9682      1.8110228E-03
   301.6205      1.9152586E-03
   307.3806      2.0242219E-03
   313.2508      2.1378195E-03
   319.2331      2.2518425E-03
   325.3296      2.3654285E-03
   331.5425      2.4805535E-03
   337.8741      2.5980100E-03
   344.3266      2.7190857E-03
   350.9024      2.8489132E-03
   357.6037      2.9783284E-03
   364.4330      3.0996245E-03
   371.3927      3.2150594E-03
   378.4854      3.3269303E-03
   385.7134      3.4357545E-03
   393.0796      3.5423336E-03
   400.5864      3.6500271E-03
   408.2365      3.7557029E-03
   416.0328      3.8471641E-03
   423.9779      3.9262190E-03
   432.0748      3.9954111E-03
   440.3263      4.0549687E-03
   448.7354      4.1069337E-03
   457.3051      4.1495301E-03
   466.0384      4.1757291E-03
   474.9385      4.1868454E-03
   484.0086      4.1834940E-03
   493.2519      4.1656899E-03
   502.6717      4.1336501E-03
   512.2714      4.0876106E-03
   522.0545      4.0262542E-03
   532.0244      3.9490666E-03
   542.1847      3.8565188E-03
   552.5390      3.7491217E-03
   563.0911      3.6278686E-03
   573.8446      3.4930003E-03
   584.8035      3.3430182E-03
   595.9718      3.1791755E-03
   607.3533      3.0028750E-03
   618.9521      2.8158515E-03
   630.7725      2.6196728E-03
   642.8187      2.4167553E-03
   655.0948      2.2096105E-03
   667.6054      1.9935572E-03
   680.3549      1.7684562E-03
   693.3480      1.5411085E-03
   706.5891      1.3158907E-03
   720.0831      1.0967985E-03
   733.8348      8.8826130E-04
   747.8491      6.9483492E-04
   762.1311      5.2098709E-04
   776.6859      3.7137943E-04
   791.5185      2.5088809E-04
   806.6345      1.6444938E-04
   822.0391      1.1833165E-04
   837.7379      1.1901062E-04
   853.7365      1.7257677E-04
   870.0406      2.8548471E-04
   886.6561      4.6672657E-04
   903.5890      7.2551059E-04
   920.8452      1.0665152E-03
   938.4309      1.4960950E-03
   956.3525      2.0218368E-03
   974.6163      2.6537452E-03
   993.2290      3.3939055E-03
   1012.197      4.2458125E-03
   1031.527      5.2232933E-03
   1051.227      6.3542514E-03
   1071.303      7.6114251E-03
   1091.762      8.9814113E-03
   1112.611      1.0460464E-02
   1133.859      1.2040569E-02
   1155.513      1.3710331E-02
   1177.581      1.5453877E-02
   1200.069      1.7253714E-02
   1222.987      1.9071367E-02
   1246.343      2.0874327E-02
   1270.145      2.2693949E-02
   1294.402      2.4535736E-02
   1319.121      2.6409933E-02
   1344.313      2.8289543E-02
   1369.986      3.0089960E-02
   1396.149      3.1793252E-02
   1422.812      3.3345930E-02
   1449.984      3.4745626E-02
   1477.675      3.6142424E-02
   1505.895      3.7614822E-02
   1534.653      3.8899962E-02
   1563.961      3.9681640E-02
   1593.829      4.0044721E-02
   1624.267      4.0281847E-02
   1655.286      4.0324263E-02
   1686.898      3.9966021E-02
   1719.113      3.9240479E-02
   1751.944      3.8260605E-02
   1785.401      3.6896680E-02
   1819.498      3.5533689E-02
   1854.245      3.3940479E-02
   1889.657      3.2173313E-02
   1925.744      3.0438013E-02
   1962.521      2.8444577E-02
   2000.000      2.6258606E-02
