   50.00000      1.1190538E-04
   50.95487      1.1333798E-04
   51.92797      1.1541938E-04
   52.91966      1.1771890E-04
   53.93029      1.1999188E-04
   54.96022      1.2201396E-04
   56.00982      1.2487175E-04
   57.07946      1.2830632E-04
   58.16953      1.3237132E-04
   59.28041      1.3756061E-04
   60.41252      1.4270215E-04
   61.56624      1.4799026E-04
   62.74199      1.5453083E-04
   63.94020      1.6148959E-04
   65.16129      1.6736632E-04
   66.40570      1.7261061E-04
   67.67388      1.7685100E-04
   68.96628      1.8018615E-04
   70.28335      1.8228147E-04
   71.62558      1.8399479E-04
   72.99345      1.8593128E-04
   74.38743      1.8749193E-04
   75.80804      1.8936954E-04
   77.25577      1.9195639E-04
   78.73116      1.9488069E-04
   80.23471      1.9695028E-04
   81.76699      1.9783048E-04
   83.32852      1.9523349E-04
   84.91988      1.9964564E-04
   86.54163      2.0699762E-04
   88.19435      2.1233696E-04
   89.87863      2.1610774E-04
   91.59509      2.1873988E-04
   93.34431      2.2044560E-04
   95.12695      2.1994315E-04
   96.94362      2.1750422E-04
   98.79499      2.1465546E-04
   100.6817      2.1139151E-04
   102.6045      2.0783096E-04
   104.5640      2.0308040E-04
   106.5609      1.9699713E-04
   108.5959      1.8930151E-04
   110.6698      1.8065520E-04
   112.7833      1.7172066E-04
   114.9372      1.6237605E-04
   117.1322      1.5249784E-04
   119.3691      1.4223384E-04
   121.6487      1.3183118E-04
   123.9719      1.2135333E-04
   126.3394      1.1099556E-04
   128.7522      1.0109571E-04
   131.2110      9.0722671E-05
   133.7168      7.9936151E-05
   136.2704      6.9921611E-05
   138.8729      6.1253348E-05
   141.5250      5.3677366E-05
   144.2277      4.6981742E-05
   146.9821      4.1248615E-05
   149.7891      3.6475216E-05
   152.6497      3.2401902E-05
   155.5649      2.8895951E-05
   158.5358      2.5864789E-05
   161.5634      2.3281385E-05
   164.6488      2.1035303E-05
   167.7932      1.9047016E-05
   170.9976      1.7210619E-05
   174.2632      1.5479947E-05
   177.5912      1.3875770E-05
   180.9827      1.2375709E-05
   184.4390      1.0975631E-05
   187.9613      9.6817439E-06
   191.5509      8.5071079E-06
   195.2090      7.4687009E-06
   198.9370      6.5783966E-06
   202.7362      5.8516002E-06
   206.6079      5.2782393E-06
   210.5536      4.8689308E-06
   214.5746      4.6838340E-06
   218.6724      4.6832820E-06
   222.8485      4.8211718E-06
   227.1043      5.1317525E-06
   231.4414      5.6480981E-06
   235.8613      6.3955054E-06
   240.3657      7.3347701E-06
   244.9560      8.4829535E-06
   249.6341      9.8931441E-06
   254.4014      1.1570671E-05
   259.2598      1.3464335E-05
   264.2110      1.5603922E-05
   269.2568      1.8042247E-05
   274.3989      2.0835196E-05
   279.6392      2.3868401E-05
   284.9796      2.7002603E-05
   290.4219      3.0304886E-05
   295.9682      3.3803455E-05
   301.6205      3.7507933E-05
   307.3806      4.1447362E-05
   313.2508      4.5580589E-05
   319.2331      4.9764996E-05
   325.3296      5.3979580E-05
   331.5425      5.8263853E-05
   337.8741      6.2618579E-05
   344.3266      6.7061141E-05
   350.9024      7.1726950E-05
   357.6037      7.6144650E-05
   364.4330      8.0142265E-05
   371.3927      8.3802617E-05
   378.4854      8.7170229E-05
   385.7134      9.0236877E-05
   393.0796      9.3004463E-05
   400.5864      9.5554627E-05
   408.2365      9.7630276E-05
   416.0328      9.8921155E-05
   423.9779      9.9541510E-05
   432.0748      9.9574558E-05
   440.3263      9.9036624E-05
   448.7354      9.7996941E-05
   457.3051      9.6377946E-05
   466.0384      9.4046860E-05
   474.9385      9.1120499E-05
   484.0086      8.7666820E-05
   493.2519      8.3744104E-05
   502.6717      7.9423677E-05
   512.2714      7.4770382E-05
   522.0545      6.9829555E-05
   532.0244      6.4680768E-05
   542.1847      5.9419890E-05
   552.5390      5.4143969E-05
   563.0911      4.8956208E-05
   573.8446      4.3949465E-05
   584.8035      3.9207116E-05
   595.9718      3.4841607E-05
   607.3533      3.0960477E-05
   618.9521      2.7667129E-05
   630.7725      2.5060075E-05
   642.8187      2.3241984E-05
   655.0948      2.2348186E-05
   667.6054      2.2442915E-05
   680.3549      2.3495164E-05
   693.3480      2.5542640E-05
   706.5891      2.8604440E-05
   720.0831      3.2661628E-05
   733.8348      3.7673442E-05
   747.8491      4.3603446E-05
   762.1311      5.0387938E-05
   776.6859      5.7943296E-05
   791.5185      6.6214889E-05
   806.6345      7.5121927E-05
   822.0391      8.4297862E-05
   837.7379      9.3555820E-05
   853.7365      1.0279949E-04
   870.0406      1.1198581E-04
   886.6561      1.2109841E-04
   903.5890      1.2925286E-04
   920.8452      1.3621380E-04
   938.4309      1.4198899E-04
   956.3525      1.4658448E-04
   974.6163      1.4976737E-04
   993.2290      1.5123720E-04
   1012.197      1.5101145E-04
   1031.527      1.4951664E-04
   1051.227      1.4661880E-04
   1071.303      1.4153008E-04
   1091.762      1.3457032E-04
   1112.611      1.2606781E-04
   1133.859      1.1630118E-04
   1155.513      1.0556323E-04
   1177.581      9.4180177E-05
   1200.069      8.2450992E-05
   1222.987      7.0666822E-05
   1246.343      5.9331600E-05
   1270.145      4.8999740E-05
   1294.402      3.9999439E-05
   1319.121      3.2614811E-05
   1344.313      2.6964492E-05
   1369.986      2.3265769E-05
   1396.149      2.1715226E-05
   1422.812      2.2360064E-05
   1449.984      2.5212954E-05
   1477.675      3.0036015E-05
   1505.895      3.6512683E-05
   1534.653      4.4216566E-05
   1563.961      5.2475098E-05
   1593.829      6.0525126E-05
   1624.267      6.7900401E-05
   1655.286      7.3959243E-05
   1686.898      7.7801502E-05
   1719.113      7.8955840E-05
   1751.944      7.7425400E-05
   1785.401      7.2985393E-05
   1819.498      6.6850480E-05
   1854.245      5.8862879E-05
   1889.657      4.9899150E-05
   1925.744      4.0899027E-05
   1962.521      3.1859909E-05
   2000.000      2.3761148E-05
