   50.00000      4.6794699E-05
   50.95487      4.5562210E-05
   51.92797      4.4634009E-05
   52.91966      4.3774427E-05
   53.93029      4.2874879E-05
   54.96022      4.1875457E-05
   56.00982      4.1189491E-05
   57.07946      4.0665920E-05
   58.16953      4.0300532E-05
   59.28041      4.0219351E-05
   60.41252      3.9987499E-05
   61.56624      3.9702776E-05
   62.74199      3.9672261E-05
   63.94020      3.9571427E-05
   65.16129      3.9009206E-05
   66.40570      3.8148566E-05
   67.67388      3.6944315E-05
   68.96628      3.5462679E-05
   70.28335      3.3693126E-05
   71.62558      3.1890591E-05
   72.99345      3.0154859E-05
   74.38743      2.8370700E-05
   75.80804      2.6683587E-05
   77.25577      2.5118205E-05
   78.73116      2.3569195E-05
   80.23471      2.1877442E-05
   81.76699      2.0051802E-05
   83.32852      1.8002695E-05
   84.91988      1.6895538E-05
   86.54163      1.5784519E-05
   88.19435      1.4397069E-05
   89.87863      1.2839507E-05
   91.59509      1.1221009E-05
   93.34431      9.5597952E-06
   95.12695      7.8739840E-06
   96.94362      6.2827830E-06
   98.79499      4.8779175E-06
   100.6817      3.6614861E-06
   102.6045      2.6416656E-06
   104.5640      1.8423842E-06
   106.5609      1.3062912E-06
   108.5959      1.0673923E-06
   110.6698      1.1224904E-06
   112.7833      1.4447811E-06
   114.9372      2.0132666E-06
   117.1322      2.8007705E-06
   119.3691      3.7650855E-06
   121.6487      4.8717689E-06
   123.9719      6.0881243E-06
   126.3394      7.3851775E-06
   128.7522      8.7861690E-06
   131.2110      1.0222799E-05
   133.7168      1.1521550E-05
   136.2704      1.2613437E-05
   138.8729      1.3623139E-05
   141.5250      1.4561153E-05
   144.2277      1.5329890E-05
   146.9821      1.5861542E-05
   149.7891      1.6306358E-05
   152.6497      1.6654571E-05
   155.5649      1.6848358E-05
   158.5358      1.6754870E-05
   161.5634      1.6492102E-05
   164.6488      1.6176444E-05
   167.7932      1.5754549E-05
   170.9976      1.5048839E-05
   174.2632      1.4381826E-05
   177.5912      1.3870718E-05
   180.9827      1.3458893E-05
   184.4390      1.3151958E-05
   187.9613      1.2963423E-05
   191.5509      1.2903052E-05
   195.2090      1.2987762E-05
   198.9370      1.3215206E-05
   202.7362      1.3572032E-05
   206.6079      1.4013851E-05
   210.5536      1.4577323E-05
   214.5746      1.5373662E-05
   218.6724      1.6075724E-05
   222.8485      1.6737207E-05
   227.1043      1.7418446E-05
   231.4414      1.8157467E-05
   235.8613      1.8909746E-05
   240.3657      1.9579124E-05
   244.9560      2.0210384E-05
   249.6341      2.0856209E-05
   254.4014      2.1457568E-05
   259.2598      2.1937112E-05
   264.2110      2.2341297E-05
   269.2568      2.2705603E-05
   274.3989      2.3039629E-05
   279.6392      2.3213159E-05
   284.9796      2.3164926E-05
   290.4219      2.2975813E-05
   295.9682      2.2672819E-05
   301.6205      2.2266337E-05
   307.3806      2.1772461E-05
   313.2508      2.1173470E-05
   319.2331      2.0434183E-05
   325.3296      1.9576864E-05
   331.5425      1.8633815E-05
   337.8741      1.7621498E-05
   344.3266      1.6558721E-05
   350.9024      1.5481688E-05
   357.6037      1.4333352E-05
   364.4330      1.3130092E-05
   371.3927      1.1920276E-05
   378.4854      1.0739831E-05
   385.7134      9.6154636E-06
   393.0796      8.5734473E-06
   400.5864      7.6442502E-06
   408.2365      6.8487798E-06
   416.0328      6.1913138E-06
   423.9779      5.6988210E-06
   432.0748      5.3960880E-06
   440.3263      5.3007493E-06
   448.7354      5.4314432E-06
   457.3051      5.8000260E-06
   466.0384      6.3965686E-06
   474.9385      7.2218872E-06
   484.0086      8.2736860E-06
   493.2519      9.5442210E-06
   502.6717      1.1022978E-05
   512.2714      1.2695985E-05
   522.0545      1.4535877E-05
   532.0244      1.6513788E-05
   542.1847      1.8602488E-05
   552.5390      2.0772526E-05
   563.0911      2.2997216E-05
   573.8446      2.5237465E-05
   584.8035      2.7430073E-05
   595.9718      2.9540637E-05
   607.3533      3.1534153E-05
   618.9521      3.3383418E-05
   630.7725      3.5059027E-05
   642.8187      3.6552407E-05
   655.0948      3.7859540E-05
   667.6054      3.8795555E-05
   680.3549      3.9251805E-05
   693.3480      3.9299688E-05
   706.5891      3.8954899E-05
   720.0831      3.8225066E-05
   733.8348      3.7135800E-05
   747.8491      3.5728510E-05
   762.1311      3.4040251E-05
   776.6859      3.2113287E-05
   791.5185      3.0010842E-05
   806.6345      2.7780570E-05
   822.0391      2.5428517E-05
   837.7379      2.3044789E-05
   853.7365      2.0724876E-05
   870.0406      1.8558925E-05
   886.6561      1.6630094E-05
   903.5890      1.4937636E-05
   920.8452      1.3559517E-05
   938.4309      1.2574013E-05
   956.3525      1.2038629E-05
   974.6163      1.1978658E-05
   993.2290      1.2392135E-05
   1012.197      1.3279341E-05
   1031.527      1.4660189E-05
   1051.227      1.6493032E-05
   1071.303      1.8614639E-05
   1091.762      2.0941972E-05
   1112.611      2.3377739E-05
   1133.859      2.5801522E-05
   1155.513      2.8080831E-05
   1177.581      3.0081774E-05
   1200.069      3.1655341E-05
   1222.987      3.2642198E-05
   1246.343      3.2979118E-05
   1270.145      3.2695738E-05
   1294.402      3.1785326E-05
   1319.121      3.0277124E-05
   1344.313      2.8128750E-05
   1369.986      2.5398409E-05
   1396.149      2.2258975E-05
   1422.812      1.8873312E-05
   1449.984      1.5560827E-05
   1477.675      1.2527993E-05
   1505.895      9.8334940E-06
   1534.653      7.5274565E-06
   1563.961      5.8451524E-06
   1593.829      4.9282544E-06
   1624.267      4.7164044E-06
   1655.286      5.1179372E-06
   1686.898      6.0314878E-06
   1719.113      7.3054184E-06
   1751.944      8.7789685E-06
   1785.401      1.0255861E-05
   1819.498      1.1630872E-05
   1854.245      1.2745700E-05
   1889.657      1.3459940E-05
   1925.744      1.3759777E-05
   1962.521      1.3491882E-05
   2000.000      1.2615264E-05
