0  1.3461774e-008            
9.7646194e-009  1.4222841e-008            
1.9529239e-008  1.4812751e-008            
2.9293858e-008  1.5441208e-008            
3.9058478e-008  1.6043073e-008            
4.8823097e-008  1.6610539e-008            
5.8587717e-008  1.7147409e-008            
6.8352336e-008  1.7656983e-008            
7.8116955e-008  1.8138823e-008            
8.7881575e-008  1.8574099e-008            
9.7646194e-008  1.8947335e-008            
1.0741081e-007  1.9260367e-008            
1.1717543e-007  1.9504402e-008            
1.2694005e-007  1.9672021e-008            
1.3670467e-007  1.9775665e-008            
1.4646929e-007  1.9836151e-008            
1.5623391e-007  1.9862664e-008            
1.6599853e-007  1.9852887e-008            
1.7576315e-007  1.9802365e-008            
1.8552777e-007  1.972036e-008            
1.9529239e-007  1.9619407e-008            
2.0505701e-007  1.9508797e-008            
2.1482163e-007  1.9400037e-008            
2.2458625e-007  1.9287731e-008            
2.3435087e-007  1.9153654e-008            
2.4411549e-007  1.899672e-008            
2.538801e-007  1.8840696e-008            
2.6364472e-007  1.8699244e-008            
2.7340934e-007  1.8565892e-008            
2.8317396e-007  1.8432938e-008            
2.9293858e-007  1.8300005e-008            
3.027032e-007  1.8168631e-008            
3.1246782e-007  1.8043263e-008            
3.2223244e-007  1.7920625e-008            
3.3199706e-007  1.7783062e-008            
3.4176168e-007  1.7622929e-008            
3.515263e-007  1.7456351e-008            
3.6129092e-007  1.7301965e-008            
3.7105554e-007  1.7163427e-008            
3.8082016e-007  1.7038109e-008            
3.9058478e-007  1.6916746e-008            
4.003494e-007  1.6795642e-008            
4.1011402e-007  1.6681123e-008            
4.1987863e-007  1.6568003e-008            
4.2964325e-007  1.6453994e-008            
4.3940787e-007  1.6339396e-008            
4.4917249e-007  1.6219908e-008            
4.5893711e-007  1.6109177e-008            
4.6870173e-007  1.6020953e-008            
4.7846635e-007  1.5940725e-008            
4.8823097e-007  1.5839919e-008            
4.9799559e-007  1.5716023e-008            
5.0776021e-007  1.5579995e-008            
5.1752483e-007  1.5437406e-008            
5.2728945e-007  1.5302025e-008            
5.3705407e-007  1.5190978e-008            
5.4681869e-007  1.5098881e-008            
5.5658331e-007  1.5000739e-008            
5.6634793e-007  1.4885055e-008            
5.7611255e-007  1.4762593e-008            
5.8587717e-007  1.4643813e-008            
5.9564178e-007  1.4525331e-008            
6.054064e-007  1.440154e-008            
6.1517102e-007  1.4276938e-008            
6.2493564e-007  1.4156159e-008            
6.3470026e-007  1.4039628e-008            
6.4446488e-007  1.3933286e-008            
6.542295e-007  1.3846e-008            
6.6399412e-007  1.377105e-008            
6.7375874e-007  1.3683337e-008            
6.8352336e-007  1.3572288e-008            
6.9328798e-007  1.3453339e-008            
7.030526e-007  1.3342286e-008            
7.1281722e-007  1.3236897e-008            
7.2258184e-007  1.3131951e-008            
7.3234646e-007  1.3033748e-008            
7.4211108e-007  1.2934577e-008            
7.518757e-007  1.2815836e-008            
7.6164031e-007  1.2675404e-008            
7.7140493e-007  1.2521701e-008            
7.8116955e-007  1.2358396e-008            
7.9093417e-007  1.2189174e-008            
8.0069879e-007  1.2025272e-008            
8.1046341e-007  1.1876066e-008            
8.2022803e-007  1.1739769e-008            
8.2999265e-007  1.16107e-008            
8.3975727e-007  1.1489034e-008            
8.4952189e-007  1.1374551e-008            
8.5928651e-007  1.1267036e-008            
8.6905113e-007  1.1172231e-008            
8.7881575e-007  1.1085204e-008            
8.8858037e-007  1.0999795e-008            
8.9834499e-007  1.0915773e-008            
9.0810961e-007  1.0835847e-008            
9.1787423e-007  1.0762959e-008            
9.2763884e-007  1.0694296e-008            
9.3740346e-007  1.0619311e-008            
9.4716808e-007  1.0519002e-008            
9.569327e-007  1.038652e-008            
9.6669732e-007  1.0246455e-008            
9.7646194e-007  1.0120252e-008            
9.8622656e-007  9.9959027e-009            
9.9599118e-007  9.8617291e-009            
1.0057558e-006  9.7315315e-009            
1.0155204e-006  9.6087231e-009            
1.025285e-006  9.4764294e-009            
1.0350497e-006  9.3323852e-009            
1.0448143e-006  9.1869453e-009            
1.0545789e-006  9.0518815e-009            
1.0643435e-006  8.92781e-009            
1.0741081e-006  8.8006869e-009            
1.0838728e-006  8.6708767e-009            
1.0936374e-006  8.549399e-009            
1.103402e-006  8.4330269e-009            
1.1131666e-006  8.3082259e-009            
1.1229312e-006  8.1691113e-009            
1.1326959e-006  8.0180591e-009            
1.1424605e-006  7.8547484e-009            
1.1522251e-006  7.6928267e-009            
1.1619897e-006  7.5556481e-009            
1.1717543e-006  7.4391985e-009            
1.1815189e-006  7.3252369e-009            
1.1912836e-006  7.2094457e-009            
1.2010482e-006  7.0913839e-009            
1.2108128e-006  6.9717972e-009            
1.2205774e-006  6.8424379e-009            
1.230342e-006  6.6941409e-009            
1.2401067e-006  6.5421717e-009            
1.2498713e-006  6.4017898e-009            
1.2596359e-006  6.2621487e-009            
1.2694005e-006  6.1270014e-009            
1.2791651e-006  6.0175208e-009            
1.2889298e-006  5.9303089e-009            
1.2986944e-006  5.8361464e-009            
1.308459e-006  5.7181432e-009            
1.3182236e-006  5.5909993e-009            
1.3279882e-006  5.4712462e-009            
1.3377529e-006  5.3462346e-009            
1.3475175e-006  5.2009524e-009            
1.3572821e-006  5.0450633e-009            
1.3670467e-006  4.8989942e-009            
1.3768113e-006  4.7710419e-009            
1.386576e-006  4.6546323e-009            
1.3963406e-006  4.5376676e-009            
1.4061052e-006  4.4122519e-009            
1.4158698e-006  4.2806269e-009            
1.4256344e-006  4.1423936e-009            
1.4353991e-006  3.9946543e-009            
1.4451637e-006  3.8378423e-009            
1.4549283e-006  3.6793893e-009            
1.4646929e-006  3.5321207e-009            
1.4744575e-006  3.3901669e-009            
1.4842222e-006  3.2391895e-009            
1.4939868e-006  3.0795649e-009            
1.5037514e-006  2.9272489e-009            
1.513516e-006  2.7889894e-009            
1.5232806e-006  2.6643749e-009            
1.5330452e-006  2.5479054e-009            
1.5428099e-006  2.4360461e-009            
1.5525745e-006  2.3386972e-009            
1.5623391e-006  2.2696026e-009            
1.5721037e-006  2.2413738e-009            
1.5818683e-006  2.2760987e-009            
1.591633e-006  2.3918945e-009            
1.6013976e-006  2.5881486e-009            
1.6111622e-006  2.8733488e-009            
1.6209268e-006  3.2765929e-009            
1.6306914e-006  3.8081894e-009            
1.6404561e-006  4.4678178e-009            
1.6502207e-006  5.2543501e-009            
1.6599853e-006  6.1599692e-009            
1.6697499e-006  7.1770055e-009            
1.6795145e-006  8.2901276e-009            
1.6892792e-006  9.4551872e-009            
1.6990438e-006  1.0607363e-008            
1.7088084e-006  1.1701475e-008            
1.718573e-006  1.2727263e-008            
1.7283376e-006  1.368315e-008            
1.7381023e-006  1.4564926e-008            
1.7478669e-006  1.5375168e-008            
1.7576315e-006  1.6110018e-008            
1.7673961e-006  1.6766641e-008            
1.7771607e-006  1.7345632e-008            
1.7869254e-006  1.785613e-008            
1.79669e-006  1.8322264e-008            
1.8064546e-006  1.8759631e-008            
1.8162192e-006  1.9150088e-008            
1.8259838e-006  1.9470333e-008            
1.8357485e-006  1.9715888e-008            
1.8455131e-006  1.9896076e-008            
1.8552777e-006  2.0011339e-008            
1.8650423e-006  2.0056149e-008            
1.8748069e-006  2.0040704e-008            
1.8845715e-006  1.9988109e-008            
1.8943362e-006  1.9909651e-008            
1.9041008e-006  1.9798201e-008            
1.9138654e-006  1.9647935e-008            
1.92363e-006  1.9472695e-008            
1.9333946e-006  1.9291254e-008            
1.9431593e-006  1.9111806e-008            
1.9529239e-006  1.8937726e-008            
1.9626885e-006  1.8768775e-008            
1.9724531e-006  1.8604303e-008            
1.9822177e-006  1.8446945e-008            
1.9919824e-006  1.8297109e-008            
2.001747e-006  1.8142533e-008            
2.0115116e-006  1.7981651e-008            
2.0212762e-006  1.7828902e-008            
2.0310408e-006  1.7688158e-008            
2.0408055e-006  1.7557863e-008            
2.0505701e-006  1.743553e-008            
2.0603347e-006  1.7308092e-008            
2.0700993e-006  1.717139e-008            
2.0798639e-006  1.7036363e-008            
2.0896286e-006  1.6909957e-008            
2.0993932e-006  1.6791779e-008            
2.1091578e-006  1.6671298e-008            
2.1189224e-006  1.6537097e-008            
2.128687e-006  1.6391447e-008            
2.1384517e-006  1.6247894e-008            
2.1482163e-006  1.6111941e-008            
2.1579809e-006  1.5981307e-008            
2.1677455e-006  1.5852718e-008            
2.1775101e-006  1.5721545e-008            
2.1872747e-006  1.5591929e-008            
2.1970394e-006  1.5469157e-008            
2.206804e-006  1.5353878e-008            
2.2165686e-006  1.5231266e-008            
2.2263332e-006  1.5098347e-008            
2.2360978e-006  1.4973128e-008            
2.2458625e-006  1.486426e-008            
2.2556271e-006  1.4773642e-008            
2.2653917e-006  1.4695158e-008            
2.2751563e-006  1.4607316e-008            
2.2849209e-006  1.449942e-008            
2.2946856e-006  1.437787e-008            
2.3044502e-006  1.4238188e-008            
2.3142148e-006  1.4077166e-008            
2.3239794e-006  1.3915913e-008            
2.333744e-006  1.3780432e-008            
2.3435087e-006  1.3676253e-008            
2.3532733e-006  1.3585705e-008            
2.3630379e-006  1.3484203e-008            
2.3728025e-006  1.3371162e-008            
2.3825671e-006  1.326067e-008            
2.3923318e-006  1.3152792e-008            
2.4020964e-006  1.3035874e-008            
2.411861e-006  1.2904669e-008            
2.4216256e-006  1.2756034e-008            
2.4313902e-006  1.2598768e-008            
2.4411549e-006  1.2457809e-008            
2.4509195e-006  1.2337605e-008            
2.4606841e-006  1.2221987e-008            
2.4704487e-006  1.2097672e-008            
2.4802133e-006  1.1971895e-008            
2.489978e-006  1.1851111e-008            
2.4997426e-006  1.1726751e-008            
2.5095072e-006  1.1604322e-008            
2.5192718e-006  1.1492892e-008            
2.5290364e-006  1.1381322e-008            
2.538801e-006  1.1258242e-008            
2.5485657e-006  1.1125972e-008            
2.5583303e-006  1.0996057e-008            
2.5680949e-006  1.0875471e-008            
2.5778595e-006  1.0762888e-008            
2.5876241e-006  1.0651309e-008            
2.5973888e-006  1.053449e-008            
2.6071534e-006  1.0415185e-008            
2.616918e-006  1.0302063e-008            
2.6266826e-006  1.0202646e-008            
2.6364472e-006  1.0105166e-008            
2.6462119e-006  9.9872528e-009            
2.6559765e-006  9.8557196e-009            
2.6657411e-006  9.7315991e-009            
2.6755057e-006  9.6236553e-009            
2.6852703e-006  9.5223091e-009            
2.695035e-006  9.4138293e-009            
2.7047996e-006  9.2963882e-009            
2.7145642e-006  9.1763614e-009            
2.7243288e-006  9.0527133e-009            
2.7340934e-006  8.9210294e-009            
2.7438581e-006  8.7824624e-009            
2.7536227e-006  8.6494614e-009            
2.7633873e-006  8.5334932e-009            
2.7731519e-006  8.4229658e-009            
2.7829165e-006  8.3009635e-009            
2.7926812e-006  8.1768633e-009            
2.8024458e-006  8.0603129e-009            
2.8122104e-006  7.9434672e-009            
2.821975e-006  7.8131307e-009            
2.8317396e-006  7.6670538e-009            
2.8415043e-006  7.522386e-009            
2.8512689e-006  7.3786184e-009            
2.8610335e-006  7.2300298e-009            
2.8707981e-006  7.0852251e-009            
2.8805627e-006  6.9484413e-009            
2.8903273e-006  6.8121509e-009            
2.900092e-006  6.6648463e-009            
2.9098566e-006  6.5103811e-009            
2.9196212e-006  6.3662664e-009            
2.9293858e-006  6.2419077e-009            
2.9391504e-006  6.1216003e-009            
2.9489151e-006  5.9908409e-009            
2.9586797e-006  5.8568565e-009            
2.9684443e-006  5.7302313e-009            
2.9782089e-006  5.6123062e-009            
2.9879735e-006  5.505073e-009            
2.9977382e-006  5.4017966e-009            
3.0075028e-006  5.2960451e-009            
3.0172674e-006  5.1860956e-009            
3.027032e-006  5.0671063e-009            
3.0367966e-006  4.942249e-009            
3.0465613e-006  4.8265538e-009            
3.0563259e-006  4.7251037e-009            
3.0660905e-006  4.6289762e-009            
3.0758551e-006  4.5109964e-009            
3.0856197e-006  4.357412e-009            
3.0953844e-006  4.1907861e-009            
3.105149e-006  4.027926e-009            
3.1149136e-006  3.8667431e-009            
3.1246782e-006  3.7053831e-009            
3.1344428e-006  3.5455399e-009            
3.1442075e-006  3.3814816e-009            
3.1539721e-006  3.2040927e-009            
3.1637367e-006  3.0096106e-009            
3.1735013e-006  2.7990383e-009            
3.1832659e-006  2.5769138e-009            
3.1930305e-006  2.3511739e-009            
3.2027952e-006  2.1403581e-009            
3.2125598e-006  1.966297e-009            
3.2223244e-006  1.8358414e-009            
3.232089e-006  1.7641768e-009            
3.2418536e-006  1.7789517e-009            
3.2516183e-006  1.8900554e-009            
3.2613829e-006  2.0902891e-009            
3.2711475e-006  2.375991e-009            
3.2809121e-006  2.7749991e-009            
3.2906767e-006  3.3258805e-009            
3.3004414e-006  4.0215325e-009            
3.310206e-006  4.8384964e-009            
3.3199706e-006  5.7613113e-009            
3.3297352e-006  6.7648316e-009            
3.3394998e-006  7.8207341e-009            
3.3492645e-006  8.9149447e-009            
3.3590291e-006  1.0034534e-008            
3.3687937e-006  1.1149508e-008            
3.3785583e-006  1.2226423e-008            
3.3883229e-006  1.3235792e-008            
3.3980876e-006  1.4147717e-008            
3.4078522e-006  1.4963499e-008            
3.4176168e-006  1.5703223e-008            
3.4273814e-006  1.6376593e-008            
3.437146e-006  1.6995989e-008            
3.4469107e-006  1.7573559e-008            
3.4566753e-006  1.8107641e-008            
3.4664399e-006  1.8588176e-008            
3.4762045e-006  1.9009852e-008            
3.4859691e-006  1.9372827e-008            
3.4957338e-006  1.9670291e-008            
3.5054984e-006  1.9898571e-008            
3.515263e-006  2.0053815e-008            
3.5250276e-006  2.0136781e-008            
3.5347922e-006  2.0166108e-008            
3.5445568e-006  2.0160369e-008            
3.5543215e-006  2.0116754e-008            
3.5640861e-006  2.0026892e-008            
3.5738507e-006  1.9895129e-008            
3.5836153e-006  1.9736514e-008            
3.5933799e-006  1.9570886e-008            
3.6031446e-006  1.9407034e-008            
3.6129092e-006  1.924596e-008            
3.6226738e-006  1.9082422e-008            
3.6324384e-006  1.8913918e-008            
3.642203e-006  1.8748806e-008            
3.6519677e-006  1.8592235e-008            
3.6617323e-006  1.8435071e-008            
3.6714969e-006  1.8264711e-008            
3.6812615e-006  1.8087045e-008            
3.6910261e-006  1.791657e-008            
3.7007908e-006  1.7757661e-008            
3.7105554e-006  1.7597386e-008            
3.72032e-006  1.743259e-008            
3.7300846e-006  1.7273995e-008            
3.7398492e-006  1.712599e-008            
3.7496139e-006  1.6977699e-008            
3.7593785e-006  1.6826734e-008            
3.7691431e-006  1.6676804e-008            
3.7789077e-006  1.652951e-008            
3.7886723e-006  1.6396884e-008            
3.798437e-006  1.6271951e-008            
3.8082016e-006  1.613769e-008            
3.8179662e-006  1.6002316e-008            
3.8277308e-006  1.588389e-008            
3.8374954e-006  1.5782784e-008            
3.8472601e-006  1.5686417e-008            
3.8570247e-006  1.5588698e-008            
3.8667893e-006  1.5486334e-008            
3.8765539e-006  1.5374273e-008            
3.8863185e-006  1.5247931e-008            
3.8960831e-006  1.5117856e-008            
3.9058478e-006  1.5004356e-008            
3.9156124e-006  1.489969e-008            
3.925377e-006  1.4775686e-008            
3.9351416e-006  1.4630413e-008            
3.9449062e-006  1.4495471e-008            
3.9546709e-006  1.4383918e-008            
3.9644355e-006  1.4277598e-008            
3.9742001e-006  1.4166753e-008            
3.9839647e-006  1.4065121e-008            
3.9937293e-006  1.398141e-008            
4.003494e-006  1.3903415e-008            
4.0132586e-006  1.3810812e-008            
4.0230232e-006  1.3701398e-008            
4.0327878e-006  1.3585057e-008            
4.0425524e-006  1.3466932e-008            
4.0523171e-006  1.3345719e-008            
4.0620817e-006  1.3224309e-008            
4.0718463e-006  1.3106051e-008            
4.0816109e-006  1.2983645e-008            
4.0913755e-006  1.285414e-008            
4.1011402e-006  1.2722199e-008            
4.1109048e-006  1.2588797e-008            
4.1206694e-006  1.2455438e-008            
4.130434e-006  1.2321215e-008            
4.1401986e-006  1.2189537e-008            
4.1499633e-006  1.206347e-008            
4.1597279e-006  1.1944728e-008            
4.1694925e-006  1.182934e-008            
4.1792571e-006  1.1705854e-008            
4.1890217e-006  1.1574531e-008            
4.1987863e-006  1.1443459e-008            
4.208551e-006  1.1307933e-008            
4.2183156e-006  1.1170849e-008            
4.2280802e-006  1.1040362e-008            
4.2378448e-006  1.0922496e-008            
4.2476094e-006  1.0823586e-008            
4.2573741e-006  1.0733247e-008            
4.2671387e-006  1.0630051e-008            
4.2769033e-006  1.0508255e-008            
4.2866679e-006  1.0379994e-008            
4.2964325e-006  1.0255459e-008            
4.3061972e-006  1.0139758e-008            
4.3159618e-006  1.0028259e-008            
4.3257264e-006  9.9167304e-009            
4.335491e-006  9.8051383e-009            
4.3452556e-006  9.6870671e-009            
4.3550203e-006  9.5573322e-009            
4.3647849e-006  9.4146491e-009            
4.3745495e-006  9.2643323e-009            
4.3843141e-006  9.1191757e-009            
4.3940787e-006  8.9866472e-009            
4.4038434e-006  8.8629997e-009            
4.413608e-006  8.7487277e-009            
4.4233726e-006  8.6369005e-009            
4.4331372e-006  8.5054761e-009            
4.4429018e-006  8.3643588e-009            
4.4526665e-006  8.2302061e-009            
4.4624311e-006  8.1044776e-009            
4.4721957e-006  7.9799706e-009            
4.4819603e-006  7.8471187e-009            
4.4917249e-006  7.7089962e-009            
4.5014896e-006  7.581602e-009            
4.5112542e-006  7.4670699e-009            
4.5210188e-006  7.3478728e-009            
4.5307834e-006  7.2165722e-009            
4.540548e-006  7.0805699e-009            
4.5503126e-006  6.9452415e-009            
4.5600773e-006  6.8035926e-009            
4.5698419e-006  6.654363e-009            
4.5796065e-006  6.5026235e-009            
4.5893711e-006  6.3498798e-009            
4.5991357e-006  6.2149062e-009            
4.6089004e-006  6.1053561e-009            
4.618665e-006  6.0076953e-009            
4.6284296e-006  5.9142736e-009            
4.6381942e-006  5.8153393e-009            
4.6479588e-006  5.7069353e-009            
4.6577235e-006  5.6064042e-009            
4.6674881e-006  5.5204739e-009            
4.6772527e-006  5.4337466e-009            
4.6870173e-006  5.3377592e-009            
4.6967819e-006  5.2391423e-009            
4.7065466e-006  5.1213872e-009            
4.7163112e-006  4.9702863e-009            
4.7260758e-006  4.802037e-009            
4.7358404e-006  4.6426087e-009            
4.745605e-006  4.5046815e-009            
4.7553697e-006  4.3869883e-009            
4.7651343e-006  4.2819043e-009            
4.7748989e-006  4.1903829e-009            
4.7846635e-006  4.1118266e-009            
4.7944281e-006  4.0303061e-009            
4.8041928e-006  3.9336584e-009            
4.8139574e-006  3.8226441e-009            
4.823722e-006  3.6999234e-009            
4.8334866e-006  3.577902e-009            
4.8432512e-006  3.4653465e-009            
4.8530159e-006  3.3640229e-009            
4.8627805e-006  3.2618392e-009            
4.8725451e-006  3.1502464e-009            
4.8823097e-006  3.0252907e-009            
4.8920743e-006  2.9027014e-009            
4.9018389e-006  2.7986661e-009            
4.9116036e-006  2.7252123e-009            
4.9213682e-006  2.692674e-009            
4.9311328e-006  2.6952878e-009            
4.9408974e-006  2.7391725e-009            
4.950662e-006  2.8512554e-009            
4.9604267e-006  3.0582984e-009            
4.9701913e-006  3.3856091e-009            
4.9799559e-006  3.8608854e-009            
4.9897205e-006  4.49262e-009            
4.9994851e-006  5.2615172e-009            
5.0092498e-006  6.1485746e-009            
5.0190144e-006  7.1435854e-009            
5.028779e-006  8.2313783e-009            
5.0385436e-006  9.3768597e-009            
5.0483082e-006  1.0532912e-008            
5.0580729e-006  1.167002e-008            
5.0678375e-006  1.2742753e-008            
5.0776021e-006  1.371694e-008            
5.0873667e-006  1.4599549e-008            
5.0971313e-006  1.5397851e-008            
5.106896e-006  1.6111507e-008            
5.1166606e-006  1.6743519e-008            
5.1264252e-006  1.7302918e-008            
5.1361898e-006  1.7794885e-008            
5.1459544e-006  1.8234614e-008            
5.1557191e-006  1.862866e-008            
5.1654837e-006  1.896181e-008            
5.1752483e-006  1.9219906e-008            
5.1850129e-006  1.9399153e-008            
5.1947775e-006  1.9519287e-008            
5.2045421e-006  1.9609574e-008            
5.2143068e-006  1.9678241e-008            
5.2240714e-006  1.9710454e-008            
5.233836e-006  1.9692529e-008            
5.2436006e-006  1.9635375e-008            
5.2533652e-006  1.9561826e-008            
5.2631299e-006  1.948427e-008            
5.2728945e-006  1.9390475e-008            
5.2826591e-006  1.9274662e-008            
5.2924237e-006  1.9154698e-008            
5.3021883e-006  1.9037735e-008            
5.311953e-006  1.8920661e-008            
5.3217176e-006  1.8793728e-008            
5.3314822e-006  1.864874e-008            
5.3412468e-006  1.8488844e-008            
5.3510114e-006  1.8330968e-008            
5.3607761e-006  1.8175704e-008            
5.3705407e-006  1.8022042e-008            
5.3803053e-006  1.787638e-008            
5.3900699e-006  1.7721662e-008            
5.3998345e-006  1.7542898e-008            
5.4095992e-006  1.7353882e-008            
5.4193638e-006  1.7181031e-008            
5.4291284e-006  1.7041282e-008            
5.438893e-006  1.6913297e-008            
5.4486576e-006  1.6773373e-008            
5.4584223e-006  1.6621147e-008            
5.4681869e-006  1.6463905e-008            
5.4779515e-006  1.631319e-008            
5.4877161e-006  1.6178616e-008            
5.4974807e-006  1.6064316e-008            
5.5072454e-006  1.5968757e-008            
5.51701e-006  1.5868394e-008            
5.5267746e-006  1.57355e-008            
5.5365392e-006  1.5576787e-008            
5.5463038e-006  1.542325e-008            
5.5560684e-006  1.5284761e-008            
5.5658331e-006  1.5151476e-008            
5.5755977e-006  1.5013237e-008            
5.5853623e-006  1.4876421e-008            
5.5951269e-006  1.4748956e-008            
5.6048915e-006  1.4630073e-008            
5.6146562e-006  1.4511487e-008            
5.6244208e-006  1.4388507e-008            
5.6341854e-006  1.4261967e-008            
5.64395e-006  1.4148779e-008            
5.6537146e-006  1.4055041e-008            
5.6634793e-006  1.3955389e-008            
5.6732439e-006  1.383879e-008            
5.6830085e-006  1.3727718e-008            
5.6927731e-006  1.3628238e-008            
5.7025377e-006  1.3524607e-008            
5.7123024e-006  1.3409218e-008            
5.722067e-006  1.3290463e-008            
5.7318316e-006  1.3174707e-008            
5.7415962e-006  1.3059598e-008            
5.7513608e-006  1.2951571e-008            
5.7611255e-006  1.2855843e-008            
5.7708901e-006  1.2753284e-008            
5.7806547e-006  1.2638374e-008            
5.7904193e-006  1.2536395e-008            
5.8001839e-006  1.2448323e-008            
5.8099486e-006  1.2355238e-008            
5.8197132e-006  1.2252757e-008            
5.8294778e-006  1.2135206e-008            
5.8392424e-006  1.2000701e-008            
5.849007e-006  1.1851436e-008            
5.8587717e-006  1.1699384e-008            
5.8685363e-006  1.1563864e-008            
5.8783009e-006  1.1454902e-008            
5.8880655e-006  1.136242e-008            
5.8978301e-006  1.1256944e-008            
5.9075947e-006  1.1123701e-008            
5.9173594e-006  1.0981674e-008            
5.927124e-006  1.085654e-008            
5.9368886e-006  1.0749054e-008            
5.9466532e-006  1.0639896e-008            
5.9564178e-006  1.0522066e-008            
5.9661825e-006  1.04056e-008            
5.9759471e-006  1.0295989e-008            
5.9857117e-006  1.0183529e-008            
5.9954763e-006  1.0053983e-008            
6.0052409e-006  9.9133419e-009            
6.0150056e-006  9.7802853e-009            
6.0247702e-006  9.6593468e-009            
6.0345348e-006  9.5387934e-009            
6.0442994e-006  9.4144741e-009            
6.054064e-006  9.284682e-009            
6.0638287e-006  9.1418905e-009            
6.0735933e-006  8.9858277e-009            
6.0833579e-006  8.8364451e-009            
6.0931225e-006  8.6972503e-009            
6.1028871e-006  8.5549321e-009            
6.1126518e-006  8.4063145e-009            
6.1224164e-006  8.2596796e-009            
6.132181e-006  8.1264527e-009            
6.1419456e-006  8.0032481e-009            
6.1517102e-006  7.8796168e-009            
6.1614749e-006  7.7424526e-009            
6.1712395e-006  7.583323e-009            
6.1810041e-006  7.4101734e-009            
6.1907687e-006  7.2381415e-009            
6.2005333e-006  7.0830314e-009            
6.2102979e-006  6.9410396e-009            
6.2200626e-006  6.8005159e-009            
6.2298272e-006  6.6652132e-009            
6.2395918e-006  6.5357732e-009            
6.2493564e-006  6.409674e-009            
6.259121e-006  6.2822145e-009            
6.2688857e-006  6.1459108e-009            
6.2786503e-006  6.009255e-009            
6.2884149e-006  5.8827619e-009            
6.2981795e-006  5.7637905e-009            
6.3079441e-006  5.6467465e-009            
6.3177088e-006  5.5273004e-009            
6.3274734e-006  5.4108938e-009            
6.337238e-006  5.2994978e-009            
6.3470026e-006  5.1836297e-009            
6.3567672e-006  5.0547191e-009            
6.3665319e-006  4.9153771e-009            
6.3762965e-006  4.7806138e-009            
6.3860611e-006  4.6655846e-009            
6.3958257e-006  4.5694509e-009            
6.4055903e-006  4.4720871e-009            
6.415355e-006  4.3605739e-009            
6.4251196e-006  4.2522901e-009            
6.4348842e-006  4.1583833e-009            
6.4446488e-006  4.0677639e-009            
6.4544134e-006  3.9720298e-009            
6.4641781e-006  3.8664163e-009            
6.4739427e-006  3.7495121e-009            
6.4837073e-006  3.619252e-009            
6.4934719e-006  3.4750604e-009            
6.5032365e-006  3.319429e-009            
6.5130012e-006  3.1637538e-009            
6.5227658e-006  3.0230715e-009            
6.5325304e-006  2.9065746e-009            
6.542295e-006  2.8053324e-009            
6.5520596e-006  2.7084526e-009            
6.5618242e-006  2.6042001e-009            
6.5715889e-006  2.4885934e-009            
6.5813535e-006  2.3671513e-009            
6.5911181e-006  2.2579394e-009            
6.6008827e-006  2.1709563e-009            
6.6106473e-006  2.1160645e-009            
6.620412e-006  2.1170491e-009            
6.6301766e-006  2.1949245e-009            
6.6399412e-006  2.3643818e-009            
6.6497058e-006  2.6379733e-009            
6.6594704e-006  3.045933e-009            
6.6692351e-006  3.626665e-009            
6.6789997e-006  4.3724538e-009            
6.6887643e-006  5.247778e-009            
6.6985289e-006  6.2429983e-009            
6.7082935e-006  7.3475654e-009            
6.7180582e-006  8.5292878e-009            
6.7278228e-006  9.7371172e-009            
6.7375874e-006  1.0923803e-008            
6.747352e-006  1.2072528e-008            
6.7571166e-006  1.3152079e-008            
6.7668813e-006  1.4107278e-008            
6.7766459e-006  1.4917681e-008            
6.7864105e-006  1.5605886e-008            
6.7961751e-006  1.6196015e-008            
6.8059397e-006  1.6701575e-008            
6.8157044e-006  1.7137347e-008            
6.825469e-006  1.7525703e-008            
6.8352336e-006  1.788541e-008            
6.8449982e-006  1.8225478e-008            
6.8547628e-006  1.8540088e-008            
6.8645275e-006  1.8807948e-008            
6.8742921e-006  1.9013397e-008            
6.8840567e-006  1.916328e-008            
6.8938213e-006  1.9273846e-008            
6.9035859e-006  1.9339934e-008            
6.9133505e-006  1.9353754e-008            
6.9231152e-006  1.9332371e-008            
6.9328798e-006  1.9292982e-008            
6.9426444e-006  1.9234787e-008            
6.952409e-006  1.9153072e-008            
6.9621736e-006  1.9043566e-008            
6.9719383e-006  1.8905317e-008            
6.9817029e-006  1.8742762e-008            
6.9914675e-006  1.8577733e-008            
7.0012321e-006  1.8430833e-008            
7.0109967e-006  1.8296816e-008            
7.0207614e-006  1.8160686e-008            
7.030526e-006  1.8022781e-008            
7.0402906e-006  1.7895667e-008            
7.0500552e-006  1.7785369e-008            
7.0598198e-006  1.7671206e-008            
7.0695845e-006  1.7532886e-008            
7.0793491e-006  1.7374841e-008            
7.0891137e-006  1.7214153e-008            
7.0988783e-006  1.7057307e-008            
7.1086429e-006  1.6911288e-008            
7.1184076e-006  1.6782394e-008            
7.1281722e-006  1.6662151e-008            
7.1379368e-006  1.6541241e-008            
7.1477014e-006  1.6414951e-008            
7.157466e-006  1.628623e-008            
7.1672307e-006  1.6163896e-008            
7.1769953e-006  1.6050166e-008            
7.1867599e-006  1.5933402e-008            
7.1965245e-006  1.5806803e-008            
7.2062891e-006  1.5684538e-008            
7.2160537e-006  1.5568568e-008            
7.2258184e-006  1.544483e-008            
7.235583e-006  1.5319736e-008            
7.2453476e-006  1.5204952e-008            
7.2551122e-006  1.5101123e-008            
7.2648768e-006  1.5000911e-008            
7.2746415e-006  1.4883363e-008            
7.2844061e-006  1.4743255e-008            
7.2941707e-006  1.4600378e-008            
7.3039353e-006  1.447512e-008            
7.3136999e-006  1.4367674e-008            
7.3234646e-006  1.4275812e-008            
7.3332292e-006  1.4190881e-008            
7.3429938e-006  1.4087633e-008            
7.3527584e-006  1.3952871e-008            
7.362523e-006  1.3802054e-008            
7.3722877e-006  1.3664932e-008            
7.3820523e-006  1.3550295e-008            
7.3918169e-006  1.3443967e-008            
7.4015815e-006  1.3330013e-008            
7.4113461e-006  1.3196114e-008            
7.4211108e-006  1.3044136e-008            
7.4308754e-006  1.2887545e-008            
7.44064e-006  1.2731943e-008            
7.4504046e-006  1.25875e-008            
7.4601692e-006  1.2470383e-008            
7.4699339e-006  1.2363867e-008            
7.4796985e-006  1.2240596e-008            
7.4894631e-006  1.2101448e-008            
7.4992277e-006  1.1968399e-008            
7.5089923e-006  1.1860244e-008            
7.518757e-006  1.1771414e-008            
7.5285216e-006  1.167957e-008            
7.5382862e-006  1.1577388e-008            
7.5480508e-006  1.1471306e-008            
7.5578154e-006  1.1362149e-008            
7.56758e-006  1.1248642e-008            
7.5773447e-006  1.1131075e-008            
7.5871093e-006  1.1013199e-008            
7.5968739e-006  1.0905812e-008            
7.6066385e-006  1.0808427e-008            
7.6164031e-006  1.070165e-008            
7.6261678e-006  1.0572848e-008            
7.6359324e-006  1.0427502e-008            
7.645697e-006  1.0282456e-008            
7.6554616e-006  1.0149725e-008            
7.6652262e-006  1.0036116e-008            
7.6749909e-006  9.9332662e-009            
7.6847555e-006  9.8206525e-009            
7.6945201e-006  9.6882791e-009            
7.7042847e-006  9.5435047e-009            
7.7140493e-006  9.4027606e-009            
7.723814e-006  9.2790893e-009            
7.7335786e-006  9.1669316e-009            
7.7433432e-006  9.0460716e-009            
7.7531078e-006  8.9119156e-009            
7.7628724e-006  8.7720833e-009            
7.7726371e-006  8.6326612e-009            
7.7824017e-006  8.4995308e-009            
7.7921663e-006  8.3729341e-009            
7.8019309e-006  8.2398103e-009            
7.8116955e-006  8.0959838e-009            
7.8214602e-006  7.9497217e-009            
7.8312248e-006  7.8071884e-009            
7.8409894e-006  7.6724395e-009            
7.850754e-006  7.5487031e-009            
7.8605186e-006  7.4303179e-009            
7.8702833e-006  7.3095879e-009            
7.8800479e-006  7.1803231e-009            
7.8898125e-006  7.0498147e-009            
7.8995771e-006  6.9258943e-009            
7.9093417e-006  6.8070935e-009            
7.9191063e-006  6.6896814e-009            
7.928871e-006  6.5596445e-009            
7.9386356e-006  6.4113533e-009            
7.9484002e-006  6.2600346e-009            
7.9581648e-006  6.1182475e-009            
7.9679294e-006  5.9883767e-009            
7.9776941e-006  5.8676631e-009            
7.9874587e-006  5.752173e-009            
7.9972233e-006  5.6436071e-009            
8.0069879e-006  5.5411402e-009            
8.0167525e-006  5.4462785e-009            
8.0265172e-006  5.3554068e-009            
8.0362818e-006  5.2637203e-009            
8.0460464e-006  5.1659059e-009            
8.055811e-006  5.0448273e-009            
8.0655756e-006  4.902144e-009            
8.0753403e-006  4.7639603e-009            
8.0851049e-006  4.6370331e-009            
8.0948695e-006  4.5115747e-009            
8.1046341e-006  4.381481e-009            
8.1143987e-006  4.2429359e-009            
8.1241634e-006  4.0973575e-009            
8.133928e-006  3.9441238e-009            
8.1436926e-006  3.7803433e-009            
8.1534572e-006  3.6100628e-009            
8.1632218e-006  3.4522044e-009            
8.1729865e-006  3.3183919e-009            
8.1827511e-006  3.1976875e-009            
8.1925157e-006  3.0698939e-009            
8.2022803e-006  2.931247e-009            
8.2120449e-006  2.7968045e-009            
8.2218095e-006  2.6760147e-009            
8.2315742e-006  2.5709819e-009            
8.2413388e-006  2.4853829e-009            
8.2511034e-006  2.4093262e-009            
8.260868e-006  2.3242624e-009            
8.2706326e-006  2.2374747e-009            
8.2803973e-006  2.1783205e-009            
8.2901619e-006  2.1777737e-009            
8.2999265e-006  2.2548631e-009            
8.3096911e-006  2.4176748e-009            
8.3194557e-006  2.677831e-009            
8.3292204e-006  3.0501181e-009            
8.338985e-006  3.5636893e-009            
8.3487496e-006  4.2453975e-009            
8.3585142e-006  5.1040274e-009            
8.3682788e-006  6.1309869e-009            
8.3780435e-006  7.2919813e-009            
8.3878081e-006  8.5476613e-009            
8.3975727e-006  9.8506437e-009            
8.4073373e-006  1.1150276e-008            
8.4171019e-006  1.2410597e-008            
8.4268666e-006  1.3598462e-008            
8.4366312e-006  1.4666527e-008            
8.4463958e-006  1.5594779e-008            
8.4561604e-006  1.6413086e-008            
8.465925e-006  1.714386e-008            
8.4756897e-006  1.7782775e-008            
8.4854543e-006  1.8325033e-008            
8.4952189e-006  1.8782597e-008            
8.5049835e-006  1.9165032e-008            
8.5147481e-006  1.9468997e-008            
8.5245128e-006  1.9692628e-008            
8.5342774e-006  1.9848838e-008            
8.544042e-006  1.9947812e-008            
8.5538066e-006  1.9987986e-008            
8.5635712e-006  1.9964338e-008            
8.5733358e-006  1.9889612e-008            
8.5831005e-006  1.9800822e-008            
8.5928651e-006  1.9713641e-008            
8.6026297e-006  1.9616051e-008            
8.6123943e-006  1.9500225e-008            
8.6221589e-006  1.9370938e-008            
8.6319236e-006  1.9233319e-008            
8.6416882e-006  1.9096113e-008            
8.6514528e-006  1.8967996e-008            
8.6612174e-006  1.8848155e-008            
8.670982e-006  1.8736373e-008            
8.6807467e-006  1.8621838e-008            
8.6905113e-006  1.8489989e-008            
8.7002759e-006  1.8336373e-008            
8.7100405e-006  1.8172724e-008            
8.7198051e-006  1.8012584e-008            
8.7295698e-006  1.7852571e-008            
8.7393344e-006  1.7693368e-008            
8.749099e-006  1.7539493e-008            
8.7588636e-006  1.7386901e-008            
8.7686282e-006  1.7239152e-008            
8.7783929e-006  1.7108753e-008            
8.7881575e-006  1.698755e-008            
8.7979221e-006  1.6856886e-008            
8.8076867e-006  1.6714734e-008            
8.8174513e-006  1.6571813e-008            
8.827216e-006  1.643162e-008            
8.8369806e-006  1.6290255e-008            
8.8467452e-006  1.6151702e-008            
8.8565098e-006  1.6019004e-008            
8.8662744e-006  1.5887985e-008            
8.8760391e-006  1.5753036e-008            
8.8858037e-006  1.5623339e-008            
8.8955683e-006  1.550552e-008            
8.9053329e-006  1.5392944e-008            
8.9150975e-006  1.5278461e-008            
8.9248621e-006  1.5167684e-008            
8.9346268e-006  1.5058007e-008            
8.9443914e-006  1.4936304e-008            
8.954156e-006  1.4800017e-008            
8.9639206e-006  1.4665667e-008            
8.9736852e-006  1.4549322e-008            
8.9834499e-006  1.4444246e-008            
8.9932145e-006  1.4330568e-008            
9.0029791e-006  1.4201054e-008            
9.0127437e-006  1.406656e-008            
9.0225083e-006  1.3937966e-008            
9.032273e-006  1.381785e-008            
9.0420376e-006  1.3702192e-008            
9.0518022e-006  1.3588679e-008            
9.0615668e-006  1.3476228e-008            
9.0713314e-006  1.3360424e-008            
9.0810961e-006  1.3237935e-008            
9.0908607e-006  1.3121031e-008            
9.1006253e-006  1.301706e-008            
9.1103899e-006  1.2906398e-008            
9.1201545e-006  1.2773958e-008            
9.1299192e-006  1.2627073e-008            
9.1396838e-006  1.2485001e-008            
9.1494484e-006  1.2347694e-008            
9.159213e-006  1.2195232e-008            
9.1689776e-006  1.2024521e-008            
9.1787423e-006  1.1854172e-008            
9.1885069e-006  1.168798e-008            
9.1982715e-006  1.1519322e-008            
9.2080361e-006  1.1358112e-008            
9.2178007e-006  1.122112e-008            
9.2275653e-006  1.1109074e-008            
9.23733e-006  1.1018284e-008            
9.2470946e-006  1.0947e-008            
9.2568592e-006  1.0882847e-008            
9.2666238e-006  1.0809229e-008            
9.2763884e-006  1.0728425e-008            
9.2861531e-006  1.0650169e-008            
9.2959177e-006  1.0578708e-008            
9.3056823e-006  1.0512594e-008            
9.3154469e-006  1.0449238e-008            
9.3252115e-006  1.0377658e-008            
9.3349762e-006  1.0282955e-008            
9.3447408e-006  1.0159072e-008            
9.3545054e-006  1.0015505e-008            
9.36427e-006  9.8698845e-009            
9.3740346e-006  9.7352095e-009            
9.3837993e-006  9.6112761e-009            
9.3935639e-006  9.4848755e-009            
9.4033285e-006  9.3481061e-009            
9.4130931e-006  9.2028497e-009            
9.4228577e-006  9.0519951e-009            
9.4326224e-006  8.9083241e-009            
9.442387e-006  8.7791992e-009            
9.4521516e-006  8.6498568e-009            
9.4619162e-006  8.5026001e-009            
9.4716808e-006  8.34546e-009            
9.4814455e-006  8.1952299e-009            
9.4912101e-006  8.0523907e-009            
9.5009747e-006  7.9139207e-009            
9.5107393e-006  7.7827557e-009            
9.5205039e-006  7.6537823e-009            
9.5302686e-006  7.5267587e-009            
9.5400332e-006  7.4065562e-009            
9.5497978e-006  7.2890711e-009            
9.5595624e-006  7.1664205e-009            
9.569327e-006  7.0383341e-009            
9.5790916e-006  6.9099085e-009            
9.5888563e-006  6.7847168e-009            
9.5986209e-006  6.660889e-009            
9.6083855e-006  6.5242594e-009            
9.6181501e-006  6.3720514e-009            
9.6279147e-006  6.2159036e-009            
9.6376794e-006  6.0553661e-009            
9.647444e-006  5.8998572e-009            
9.6572086e-006  5.7691305e-009            
9.6669732e-006  5.6566883e-009            
9.6767378e-006  5.5394045e-009            
9.6865025e-006  5.4132447e-009            
9.6962671e-006  5.292038e-009            
9.7060317e-006  5.1721941e-009            
9.7157963e-006  5.0478668e-009            
9.7255609e-006  4.9224674e-009            
9.7353256e-006  4.790126e-009            
9.7450902e-006  4.646028e-009            
9.7548548e-006  4.5051398e-009            
9.7646194e-006  4.3835454e-009            
9.774384e-006  4.2722903e-009            
9.7841487e-006  4.1572252e-009            
9.7939133e-006  4.0414404e-009            
9.8036779e-006  3.9257746e-009            
9.8134425e-006  3.8015798e-009            
9.8232071e-006  3.6670162e-009            
9.8329718e-006  3.5286847e-009            
9.8427364e-006  3.3860752e-009            
9.852501e-006  3.2354956e-009            
9.8622656e-006  3.0844368e-009            
9.8720302e-006  2.9389964e-009            
9.8817949e-006  2.7987185e-009            
9.8915595e-006  2.6632054e-009            
9.9013241e-006  2.5261579e-009            
9.9110887e-006  2.3795345e-009            
9.9208533e-006  2.2294706e-009            
9.9306179e-006  2.0978401e-009            
9.9403826e-006  1.9949288e-009            
9.9501472e-006  1.9122549e-009            
9.9599118e-006  1.850588e-009            
9.9696764e-006  1.8215321e-009            
9.979441e-006  1.8223162e-009            
